  -1.7622521935997377e+00  -3.8948793227698453e-01   1.2349881840491546e+00   2.2751349696173895e+00   2.9021339026621678e+00   3.2741811585354648e+00   3.4796162734980629e+00   3.5904777459056429e+00   3.6471040767440335e+00   3.6697247685370766e+00   3.6697655847809769e+00   3.6697628649316556e+00   3.6697622956299227e+00   3.6697621586305971e+00   3.6697620221758172e+00   3.6697618867928674e+00   3.6697617557938766e+00   3.6697616292465280e+00   3.6697615069477378e+00   3.6697613890356973e+00   3.6697612752634594e+00   3.6697611656514209e+00   3.6697610596737023e+00   3.6697609573712251e+00   3.6697608582705707e+00   3.6697607626157178e+00   3.6697606704644161e+00   3.6697605817993209e+00   3.6697604960218388e+00   3.6697604122207541e+00   3.6697603308569167e+00   3.6697602520867552e+00   3.6697601753200728e+00   3.6697600982793341e+00   3.6697600188892223e+00   3.6697599404388557e+00   3.6697598603200530e+00   3.6697597820903027e+00   3.6697597038529683e+00   3.6697596278058517e+00   3.6697595550695543e+00   3.6697594875613291e+00   3.6697594198671308e+00   3.6697593534530508e+00   3.6697592930219214e+00   3.6697592367384688e+00   3.6697591809357095e+00   3.6697591303504047e+00   3.6697590857679425e+00   3.6697590468343151e+00   3.6697590145632968e+00   3.6697589891044937e+00   3.6697589699434592e+00   3.6697589572549782e+00   3.6697589511753392e+00
   3.3282231972040286e+01   3.3999823263960380e+01   3.4471933900221586e+01   3.4765311692856287e+01   3.4934935770838244e+01   3.5033379427590567e+01   3.5086755950234192e+01   3.5115182261602122e+01   3.5129582461259766e+01   3.5135305371628995e+01   3.5135316690525528e+01   3.5135315948289808e+01   3.5135315824004614e+01   3.5135315818597107e+01   3.5135315812102796e+01   3.5135315804870544e+01   3.5135315797857260e+01   3.5135315791087926e+01   3.5135315784546187e+01   3.5135315778239132e+01   3.5135315772153653e+01   3.5135315766290859e+01   3.5135315760622397e+01   3.5135315755150430e+01   3.5135315749849646e+01   3.5135315744733106e+01   3.5135315739803922e+01   3.5135315735061170e+01   3.5135315730472847e+01   3.5135315725990225e+01   3.5135315721637966e+01   3.5135315717424447e+01   3.5135315713318121e+01   3.5135315709197172e+01   3.5135315704950600e+01   3.5135315700754369e+01   3.5135315696468979e+01   3.5135315692284735e+01   3.5135315688100221e+01   3.5135315684033010e+01   3.5135315680143059e+01   3.5135315676532848e+01   3.5135315672912647e+01   3.5135315669360857e+01   3.5135315666128996e+01   3.5135315663118917e+01   3.5135315660134523e+01   3.5135315657429139e+01   3.5135315655044785e+01   3.5135315652962525e+01   3.5135315651236589e+01   3.5135315649874983e+01   3.5135315648850195e+01   3.5135315648171577e+01   3.5135315647846419e+01
   5.5637058563902343e-04   6.3709564515306320e-04   8.0893449864180881e-04   9.5325753038475835e-04   1.0521138320521183e-03   1.1153165038279508e-03   1.1545375293984155e-03   1.1794455314819963e-03   1.1957085441750526e-03   1.2063304227654817e-03   1.2127277843894967e-03   1.2185589546046809e-03   1.2238749386343439e-03   1.2287205850039606e-03   1.2331370778996863e-03   1.2371624161408037e-03   1.2408309705363755e-03   1.2441740825874317e-03   1.2472205829477685e-03   1.2499964617879666e-03   1.2525258167802626e-03   1.2548301333038818e-03   1.2569295020593476e-03   1.2588417020874460e-03   1.2605834921961610e-03   1.2621697795114717e-03   1.2636145273436359e-03   1.2649302266469367e-03   1.2661281251581053e-03   1.2672187082298949e-03   1.2682114277057525e-03   1.2691153152574479e-03   1.2699381264759909e-03   1.2706866612975888e-03   1.2713680677333228e-03   1.2719873863255495e-03   1.2725515734627476e-03   1.2730642382444120e-03   1.2735308544213270e-03   1.2739548564736588e-03   1.2743406791277591e-03   1.2746910519150843e-03   1.2750095540460808e-03   1.2752987081481033e-03   1.2755613011053914e-03   1.2757996175407390e-03   1.2760159990988769e-03   1.2762119673639268e-03   1.2763896850835287e-03   1.2765506972738727e-03   1.2766964060360272e-03   1.2768281906191134e-03   1.2769473583422769e-03   1.2770560414946317e-03   1.2771535777077476e-03
                      NaN                      NaN                      NaN                      NaN                      NaN                      NaN                      NaN                      NaN                      NaN                      NaN                      NaN                      NaN                      NaN                      NaN                      NaN                      NaN                      NaN                      NaN                      NaN                      NaN                      NaN                      NaN                      NaN                      NaN                      NaN                      NaN                      NaN                      NaN                      NaN                      NaN                      NaN                      NaN                      NaN                      NaN                      NaN                      NaN                      NaN                      NaN                      NaN                      NaN                      NaN                      NaN                      NaN                      NaN                      NaN                      NaN                      NaN                      NaN                      NaN                      NaN                      NaN                      NaN                      NaN                      NaN                      NaN
   2.0521093001912680e+00   2.0941435129684574e+00   2.1276725058360335e+00   2.1530038457491920e+00   2.1692407293842457e+00   2.1792952973465898e+00   2.1853082045592269e+00   2.1889832036435211e+00   2.1912851007614345e+00   2.1927082954535244e+00   2.1934933413376139e+00   2.1942194975749638e+00   2.1948915612133946e+00   2.1955135139758064e+00   2.1960890163133548e+00   2.1966215482085585e+00   2.1971142909338459e+00   2.1975701778965409e+00   2.1979919720789192e+00   2.1983821630278055e+00   2.1987431436198150e+00   2.1990770395529169e+00   2.1993859344951336e+00   2.1996716358890511e+00   2.1999359368852351e+00   2.2001803895418193e+00   2.2004064996728738e+00   2.2006156319474326e+00   2.2008090708603598e+00   2.2009880682510041e+00   2.2011536713644682e+00   2.2013069374691430e+00   2.2014488226474693e+00   2.2015802918665290e+00   2.2017024034196671e+00   2.2018155047693262e+00   2.2019207455396246e+00   2.2020182718046821e+00   2.2021089987991380e+00   2.2021931931738674e+00   2.2022714085236146e+00   2.2023438337051617e+00   2.2024114922528151e+00   2.2024746284751799e+00   2.2025332087176168e+00   2.2025877766212427e+00   2.2026391671756009e+00   2.2026870512994585e+00   2.2027316940357333e+00   2.2027730859256369e+00   2.2028114176984679e+00   2.2028469150734691e+00   2.2028797981852857e+00   2.2029105570093734e+00   2.2029388691841780e+00
   2.3104341056070579e-02   2.3575960885587874e-02   2.3949585083778428e-02   2.4231484333295507e-02   2.4412005000198345e-02   2.4523735959694204e-02   2.4590491550802458e-02   2.4631231655461907e-02   2.4656691460779034e-02   2.4672370895865641e-02   2.4680954473637180e-02   2.4688894030228239e-02   2.4696242259146312e-02   2.4703042684161673e-02   2.4709335305050806e-02   2.4715158163938707e-02   2.4720546036184322e-02   2.4725530984423202e-02   2.4730143213454157e-02   2.4734409929891024e-02   2.4738357295800505e-02   2.4742008545399086e-02   2.4745386469345904e-02   2.4748510823142854e-02   2.4751401220335558e-02   2.4754074619887545e-02   2.4756547480589825e-02   2.4758834721004222e-02   2.4760950398833286e-02   2.4762908222645569e-02   2.4764719629996726e-02   2.4766396175989167e-02   2.4767948329402666e-02   2.4769386699413518e-02   2.4770722910612487e-02   2.4771960683772715e-02   2.4773112657395853e-02   2.4774180343435738e-02   2.4775173803572532e-02   2.4776095901391907e-02   2.4776952663891672e-02   2.4777746107283432e-02   2.4778487595936788e-02   2.4779179768973685e-02   2.4779822109488335e-02   2.4780420636744602e-02   2.4780984642091088e-02   2.4781510348751097e-02   2.4782000627724912e-02   2.4782455297894367e-02   2.4782876436286336e-02   2.4783266513497462e-02   2.4783627939408481e-02   2.4783966093243345e-02   2.4784277421831320e-02
   2.3688044783151952e-12   2.4093418315989320e-12   2.4268370687799125e-12   2.4358563008498877e-12   2.4386019299038244e-12   2.4383619544818952e-12   2.4358145155131396e-12   2.4313428049253262e-12   2.4250399768852600e-12   2.4169665633717054e-12   2.4077454178385658e-12   2.3988006207074652e-12   2.3901427701436535e-12   2.3817427220023102e-12   2.3736107727786598e-12   2.3657358307354070e-12   2.3581107061378227e-12   2.3507353016956797e-12   2.3436003024565366e-12   2.3367159636557755e-12   2.3300684799677066e-12   2.3236604037725426e-12   2.3174605407715676e-12   2.3114724965696233e-12   2.3056682266164523e-12   2.3000636475876262e-12   2.2946631871812754e-12   2.2894665478783031e-12   2.2844378338157617e-12   2.2795221701105835e-12   2.2747483189578249e-12   2.2701264577388224e-12   2.2656212685159571e-12   2.2610951641085563e-12   2.2564233067469945e-12   2.2518050078325714e-12   2.2470834830181934e-12   2.2424733464474945e-12   2.2378607160662740e-12   2.2333777875709298e-12   2.2290919867253765e-12   2.2251181009713433e-12   2.2211315512510876e-12   2.2172201290413668e-12   2.2136651237097556e-12   2.2103565670565615e-12   2.2070754088843108e-12   2.2041041347145770e-12   2.2014894358708543e-12   2.1992096385709263e-12   2.1973250704730904e-12   2.1958445388829529e-12   2.1947372858019049e-12   2.1940140672428103e-12   2.1936825193793439e-12
   2.2384770893716519e+00   2.2840460009225554e+00   2.3144455571004690e+00   2.3348001216075982e+00   2.3468922051373480e+00   2.3540522396658168e+00   2.3579991494736543e+00   2.3601157798193864e+00   2.3611728302423551e+00   2.3615571767424139e+00   2.3614930014899360e+00   2.3614346765713234e+00   2.3613825809205120e+00   2.3613361518636844e+00   2.3612947764822247e+00   2.3612579725544478e+00   2.3612252969625320e+00   2.3611963272322862e+00   2.3611707062318188e+00   2.3611480577122044e+00   2.3611281058683873e+00   2.3611105640139756e+00   2.3610952621087811e+00   2.3610819634012543e+00   2.3610705330493578e+00   2.3610607423768961e+00   2.3610524084140159e+00   2.3610453830525331e+00   2.3610396291013203e+00   2.3610351677071972e+00   2.3610318214230723e+00   2.3610294679721364e+00   2.3610281212447211e+00   2.3610280716301104e+00   2.3610295783760722e+00   2.3610321054457031e+00   2.3610360119806337e+00   2.3610407336173695e+00   2.3610465569487040e+00   2.3610531269278798e+00   2.3610602434218650e+00   2.3610675783010109e+00   2.3610761677192444e+00   2.3610857895782433e+00   2.3610955005690046e+00   2.3611057432692313e+00   2.3611174942268427e+00   2.3611296374445025e+00   2.3611419891192664e+00   2.3611540578625272e+00   2.3611657796530094e+00   2.3611771591047552e+00   2.3611882042051975e+00   2.3611990361862616e+00   2.3612094782945388e+00
   3.6652120662525922e-01   3.4879456982016699e-01   3.1144696444264536e-01   2.8444309169465815e-01   2.6688315417112846e-01   2.5595011135899248e-01   2.4933715654348465e-01   2.4521546703413388e-01   2.4254953165041560e-01   2.4080956511268936e-01   2.3975191511171765e-01   2.3877639122563055e-01   2.3787644080122489e-01   2.3704628939266056e-01   2.3628057217548651e-01   2.3557426919476374e-01   2.3492279856346523e-01   2.3432193581880437e-01   2.3376774053370838e-01   2.3325663171627586e-01   2.3278523549716607e-01   2.3235052977744811e-01   2.3194963623304582e-01   2.3158000044425306e-01   2.3123916404674327e-01   2.3092492779150825e-01   2.3063519109542555e-01   2.3036806388595951e-01   2.3012183563165875e-01   2.2989488214658252e-01   2.2968572070265614e-01   2.2949289774286236e-01   2.2931517741017365e-01   2.2915148947037908e-01   2.2900063448055594e-01   2.2886181176613196e-01   2.2873378009637302e-01   2.2861598034793082e-01   2.2850742626664095e-01   2.2840754467288563e-01   2.2831550579257573e-01   2.2823085423349598e-01   2.2815294319005139e-01   2.2808131921413335e-01   2.2801543163406437e-01   2.2795486834565770e-01   2.2789918831008621e-01   2.2784810283823745e-01   2.2780116484246921e-01   2.2775807556653463e-01   2.2771855494872467e-01   2.2768232247253106e-01   2.2764910719715251e-01   2.2761838195989648e-01   2.2759042256834344e-01
  -3.2576530400693312e-04  -2.2336638542349424e-04  -6.8717996875443128e-05   2.7803924801649876e-05   8.3583430763380765e-05   1.1594318344536385e-04   1.3347314714541261e-04   1.4279962748334579e-04   1.4752021575335989e-04   1.4939502186622566e-04   1.4939870521264115e-04   1.4939846168454053e-04   1.4939842062054083e-04   1.4939841832942326e-04   1.4939841569386946e-04   1.4939841283452933e-04   1.4939841006310765e-04   1.4939840738759981e-04   1.4939840480200647e-04   1.4939840230914294e-04   1.4939839990379779e-04   1.4939839758640303e-04   1.4939839534584064e-04   1.4939839318297581e-04   1.4939839108780027e-04   1.4939838906547200e-04   1.4939838711721244e-04   1.4939838524265518e-04   1.4939838342914469e-04   1.4939838165741660e-04   1.4939837993721404e-04   1.4939837827184480e-04   1.4939837664883064e-04   1.4939837502001978e-04   1.4939837334153544e-04   1.4939837168291705e-04   1.4939836998902219e-04   1.4939836833506391e-04   1.4939836668094325e-04   1.4939836507312716e-04   1.4939836353530813e-04   1.4939836210802146e-04   1.4939836067680163e-04   1.4939835927264546e-04   1.4939835799498250e-04   1.4939835680501074e-04   1.4939835562520143e-04   1.4939835455570147e-04   1.4939835361311635e-04   1.4939835278996138e-04   1.4939835210767060e-04   1.4939835156940696e-04   1.4939835116429409e-04   1.4939835089602753e-04   1.4939835076748843e-04
