  -1.4454640306945709e+01   6.2378952453478913e+00   2.2025082907203075e+01   2.4605018935817625e+01   1.2780684840423884e+01  -1.8532372145093248e+00
                      NaN                      NaN                      NaN                      NaN                      NaN                      NaN
   7.6197415555120671e-07   7.6355155392055615e-07   7.3468168666967281e-07   7.1471976379901954e-07   6.9090008237517080e-07   6.6295331454644678e-07
   2.7275047870344847e-07   2.7297822128862405e-07   2.7262494907266142e-07   2.7202525306411846e-07   2.7138924686300631e-07   2.7067363332850884e-07
   2.7817963871249130e-04   2.8127676022468790e-04   2.7995578208993239e-04   2.7990886058077048e-04   2.7973762745161498e-04   2.8029998739907073e-04
   3.1056167596286656e-06   3.1397904593721314e-06   3.1255064780930817e-06   3.1249547667991546e-06   3.1228626999565066e-06   3.1288165368648891e-06
   3.3964352729885259e-16   3.4331088258043353e-16   3.4180157347195682e-16   3.4173066388145515e-16   3.4143029307117938e-16   3.4209007038507357e-16
   8.1063337043574274e-09   8.1230744953411401e-09   7.8158567734224315e-09   7.6034255106999653e-09   7.3500291500770095e-09   7.0527212285206052e-09
   2.0949999999999999e-01   2.0949999999999999e-01   2.0949999999999999e-01   2.0949999999999999e-01   2.0949999999999999e-01   2.0949999999999999e-01
   1.1309420727901049e+00   1.1312384267087150e+00   0.0000000000000000e+00   0.0000000000000000e+00                      NaN   1.0825915122564518e+00
