  -5.3001429632980273e+00   1.0835444417849695e+01   2.3873186951422863e+01   2.3699732426921358e+01   1.0250552746089239e+01  -7.0464260149862517e+00
                      NaN                      NaN                      NaN                      NaN                      NaN                      NaN
   7.6200702942537735e-07   7.6946440504171918e-07   7.3424553821279364e-07   7.1389783498965692e-07   6.9045322134070728e-07   6.6313252616397688e-07
   2.7274399768965728e-07   2.7307276236669762e-07   2.7262977663783583e-07   2.7200508768754329e-07   2.7137960886884303e-07   2.7067729367195035e-07
   2.7839852602457867e-04   2.7931606586053468e-04   2.8013250500738210e-04   2.8037679225645894e-04   2.8017637697855409e-04   2.8027125276105272e-04
   3.1080023956625962e-06   3.1182975438426334e-06   3.1274377337005918e-06   3.1300981325216473e-06   3.1276742062836848e-06   3.1284968847611920e-06
   3.3989513744112016e-16   3.4100031910148951e-16   3.4200726376377258e-16   3.4228473644314337e-16   3.4194927104364675e-16   3.4204730481029078e-16
   8.1066837509656278e-09   8.1859871944494449e-09   7.8112152146944173e-09   7.5946810266560693e-09   7.3452744637936259e-09   7.0546276850300465e-09
   2.0949999999999994e-01   2.0949999999999994e-01   2.0949999999999994e-01   2.0949999999999994e-01   2.0949999999999994e-01   2.0949999999999994e-01
   1.1561033460245811e+00   1.1328131072142129e+00   0.0000000000000000e+00   0.0000000000000000e+00                      NaN   1.1038067235221773e+00
