   8.4518615757764648e-02   2.2217103912330485e+00   3.7256070333044380e+00   3.9942176384533501e+00   3.9992455995368554e+00   4.0037686442397469e+00   4.0227435059094860e+00   4.0378066511017021e+00   4.0435842846003949e+00   4.0439076766487414e+00   4.0433954625783839e+00   4.0428292160809010e+00   4.0425399634266874e+00   4.0423665923089098e+00   4.0421725913196873e+00   4.0419235881878786e+00   4.0416312519354740e+00   4.0413090659810003e+00   4.0409579991514848e+00   4.0405719014376871e+00   4.0401398233664194e+00   4.0396492153955288e+00   4.0390851859751340e+00   4.0384242256766081e+00   4.0376338855910499e+00   4.0366669030619047e+00   4.0355093364490795e+00   4.0341716490784023e+00   4.0327460407097870e+00   4.0315207035186464e+00   4.0285765776891216e+00   4.0241138968121115e+00   4.0173742331275193e+00   4.0069460131301344e+00   3.9887287561960929e+00   3.9549385361577798e+00   3.8790362618930208e+00   3.7136595229057709e+00   3.4255488711690227e+00   3.0759989384895849e+00   2.7543566076903727e+00   2.4996002478479826e+00   2.2852078654498285e+00   2.1077137373821611e+00   1.9667855666987955e+00   1.8478202048632630e+00   1.7398798920682499e+00   1.6498748028491661e+00   1.5749199019422149e+00   1.5120084383772217e+00   1.4615985736449431e+00   1.4230102768371184e+00   1.3941851184143990e+00   1.3741351072728201e+00   1.3628324948657389e+00
   3.5314643882799793e+01   3.5308920627043165e+01   3.5296108705719980e+01   3.5275547245919626e+01   3.5258590036483199e+01   3.5246194191975242e+01   3.5238099267244216e+01   3.5233365961625196e+01   3.5230914415272849e+01   3.5229636440930420e+01   3.5228889179010828e+01   3.5228334309998687e+01   3.5227901994144645e+01   3.5227549077899198e+01   3.5227253713823650e+01   3.5226999957786141e+01   3.5226777230336644e+01   3.5226578667160574e+01   3.5226398275640342e+01   3.5226231643169420e+01   3.5226074572918947e+01   3.5225923607835419e+01   3.5225775561358994e+01   3.5225626081188231e+01   3.5225470179166500e+01   3.5225301338902497e+01   3.5225119124059468e+01   3.5224925595722681e+01   3.5224732571180475e+01   3.5224574913237625e+01   3.5224217269702763e+01   3.5223700440503485e+01   3.5222947877121989e+01   3.5221814184942950e+01   3.5219873803217403e+01   3.5216329550262856e+01   3.5208463566524543e+01   3.5191464144980010e+01   3.5162005900387371e+01   3.5126410089910515e+01   3.5093778160437878e+01   3.5068028781565765e+01   3.5046440451172614e+01   3.5028636146105676e+01   3.5014554076384940e+01   3.5002710954994612e+01   3.4992005879282551e+01   3.4983114549937149e+01   3.4975739376587413e+01   3.4969572968151660e+01   3.4964648926220264e+01   3.4960890990848995e+01   3.4958090764348491e+01   3.4956147643442563e+01   3.4955054923543500e+01
   5.2615697743630893e-04   5.9799248279167371e-04   7.8504252910624396e-04   9.4425098421459903e-04   1.0512749399179157e-03   1.1212837699041700e-03   1.1667655530172825e-03   1.1955224048553303e-03   1.2132834103888092e-03   1.2255468155726087e-03   1.2362385857962374e-03   1.2456941148668028e-03   1.2542086887535270e-03   1.2619262575959014e-03   1.2690423768325115e-03   1.2755974234090418e-03   1.2816364030929272e-03   1.2872468158267769e-03   1.2924777414867251e-03   1.2973978188156130e-03   1.3020500483412875e-03   1.3064921984605844e-03   1.3107865605253776e-03   1.3149551502403955e-03   1.3189879095702290e-03   1.3228453880186235e-03   1.3265707653431437e-03   1.3301033515845193e-03   1.3332123334246289e-03   1.3353510382825538e-03   1.3398456879151106e-03   1.3447339492055185e-03   1.3507666269071039e-03   1.3587424017080902e-03   1.3696332438216613e-03   1.3866941350836445e-03   1.4180806596047104e-03   1.4782372755619687e-03   1.5734545227396551e-03   1.6814312879063779e-03   1.7750492339482650e-03   1.8454176117655651e-03   1.8998466760697984e-03   1.9414979370850547e-03   1.9731188778943790e-03   1.9981821102226212e-03   2.0186389603514565e-03   2.0349668965557780e-03   2.0481886178641434e-03   2.0589599988206208e-03   2.0676157646065266e-03   2.0744407802418515e-03   2.0796537340755841e-03   2.0839114194128191e-03   2.0881932062198532e-03
                      NaN                      NaN                      NaN                      NaN                      NaN                      NaN                      NaN                      NaN                      NaN                      NaN                      NaN                      NaN                      NaN                      NaN                      NaN                      NaN                      NaN                      NaN                      NaN                      NaN                      NaN                      NaN                      NaN                      NaN                      NaN                      NaN                      NaN                      NaN                      NaN                      NaN                      NaN                      NaN                      NaN                      NaN                      NaN                      NaN                      NaN                      NaN                      NaN                      NaN                      NaN                      NaN                      NaN                      NaN                      NaN                      NaN                      NaN                      NaN                      NaN                      NaN                      NaN                      NaN                      NaN                      NaN                      NaN
   2.1432117567910471e+00   2.1446192365998553e+00   2.1569367292622275e+00   2.1701236844822711e+00   2.1799869824121161e+00   2.1867543043071027e+00   2.1912611300811400e+00   2.1941761845791263e+00   2.1960279777815352e+00   2.1973485118377885e+00   2.1985370062296519e+00   2.1996125274508591e+00   2.2006009752193831e+00   2.2015139341036503e+00   2.2023726128016272e+00   2.2031787524280602e+00   2.2039352405576995e+00   2.2046514121797403e+00   2.2053317754247446e+00   2.2059840418266816e+00   2.2066126965372308e+00   2.2072247438138204e+00   2.2078282484025125e+00   2.2084255137648787e+00   2.2090140724406795e+00   2.2095867773094233e+00   2.2101493348107342e+00   2.2106910113497169e+00   2.2111737362552391e+00   2.2115085130204828e+00   2.2122240672656832e+00   2.2130073152845782e+00   2.2139812015231235e+00   2.2152755690168786e+00   2.2170322490975853e+00   2.2197627998943288e+00   2.2246856001340753e+00   2.2339408684772017e+00   2.2483111054782827e+00   2.2643348783073072e+00   2.2779839840644400e+00   2.2880546533478605e+00   2.2955103974075661e+00   2.3008921066188406e+00   2.3048058585557643e+00   2.3076839267920501e+00   2.3096773644380955e+00   2.3111259481497397e+00   2.3122179036335817e+00   2.3130403836042293e+00   2.3137182221053769e+00   2.3143240553339846e+00   2.3148512870156583e+00   2.3154572193976612e+00   2.3164366942228392e+00
   2.4133110235750998e-02   2.4147208208945593e-02   2.4281218060373939e-02   2.4425740954427233e-02   2.4534135136722476e-02   2.4608567936257531e-02   2.4658138576958793e-02   2.4690193372053824e-02   2.4710549127646385e-02   2.4725061950705618e-02   2.4738128616390857e-02   2.4749952992584336e-02   2.4760819791883611e-02   2.4770856886040957e-02   2.4780297283588881e-02   2.4789160505117782e-02   2.4797478515645968e-02   2.4805353829063272e-02   2.4812836064787458e-02   2.4820009908464832e-02   2.4826924706630147e-02   2.4833657382994086e-02   2.4840296457030342e-02   2.4846867416219894e-02   2.4853343518627110e-02   2.4859646889011672e-02   2.4865839763850751e-02   2.4871803807355014e-02   2.4877119938232273e-02   2.4880808452423998e-02   2.4888691089843210e-02   2.4897326795125883e-02   2.4908067416388385e-02   2.4922344198309732e-02   2.4941735813027093e-02   2.4971891040127120e-02   2.5026303086468027e-02   2.5128656334206176e-02   2.5287651294592445e-02   2.5464997228882229e-02   2.5616100803057769e-02   2.5727607155900400e-02   2.5810195641710765e-02   2.5869823978641029e-02   2.5913177746857557e-02   2.5945052618547917e-02   2.5967130127348814e-02   2.5983158896109009e-02   2.5995225636438038e-02   2.6004300614023149e-02   2.6011770458668228e-02   2.6018445374095218e-02   2.6024257136663828e-02   2.6030945381941391e-02   2.6041769211318618e-02
   2.4854594929888784e-12   2.4820944721149133e-12   2.4827580864205813e-12   2.4854029447519720e-12   2.4879212938645624e-12   2.4897506277463506e-12   2.4910488760269598e-12   2.4919894346887587e-12   2.4926965702109552e-12   2.4933231166474831e-12   2.4940979036033987e-12   2.4948183197296324e-12   2.4954873512702372e-12   2.4960999522810800e-12   2.4966720931429358e-12   2.4971975764354634e-12   2.4976734943886218e-12   2.4981070086092074e-12   2.4984990581809517e-12   2.4988555537970062e-12   2.4991778966119355e-12   2.4994713032339906e-12   2.4997431091367577e-12   2.4999912339375032e-12   2.5002059724248131e-12   2.5003670983231495e-12   2.5004880031148335e-12   2.5005705315873279e-12   2.5006085603311625e-12   2.5005887400129578e-12   2.5005605497913565e-12   2.5003358321221816e-12   2.4999645216057306e-12   2.4994178288843410e-12   2.4982857170080360e-12   2.4962153049460147e-12   2.4914178047915570e-12   2.4812898548083312e-12   2.4640947448546169e-12   2.4440380098497002e-12   2.4265245661248749e-12   2.4137037638130073e-12   2.4034423509512983e-12   2.3955252651553419e-12   2.3900864508467352e-12   2.3861014746469172e-12   2.3827473304290285e-12   2.3805351038171888e-12   2.3792652476746171e-12   2.3786851388790477e-12   2.3787649610625490e-12   2.3794030932766460e-12   2.3804367884849149e-12   2.3818232541611146e-12   2.3835633010125057e-12
   2.3683100361567018e+00   2.3675007419655625e+00   2.3675221573450389e+00   2.3680859727484487e+00   2.3687050217697596e+00   2.3691354326466687e+00   2.3693827917344539e+00   2.3694956446644158e+00   2.3695208132583763e+00   2.3695129936526818e+00   2.3695255776307897e+00   2.3695361956022238e+00   2.3695466837481280e+00   2.3695598196861720e+00   2.3695745329268583e+00   2.3695926473154185e+00   2.3696152311759162e+00   2.3696417169405430e+00   2.3696724511799907e+00   2.3697070174107862e+00   2.3697456981830349e+00   2.3697882324810489e+00   2.3698340748913189e+00   2.3698842385584928e+00   2.3699408087316867e+00   2.3700075932039053e+00   2.3700819511202122e+00   2.3701614278773571e+00   2.3702406851545867e+00   2.3703068735019444e+00   2.3704445016682634e+00   2.3706437013576496e+00   2.3709157747422633e+00   2.3712957554234904e+00   2.3719197488902566e+00   2.3729924935668274e+00   2.3752617214046543e+00   2.3799474268234451e+00   2.3878079763400013e+00   2.3970361477873721e+00   2.4052489211139689e+00   2.4115080757457701e+00   2.4164454576514856e+00   2.4201645846320003e+00   2.4228576169703917e+00   2.4248449244797614e+00   2.4262764935987509e+00   2.4272653526107804e+00   2.4279419559343429e+00   2.4283919099534672e+00   2.4287149021674423e+00   2.4289903050149282e+00   2.4292438475373643e+00   2.4295636548614747e+00   2.4301048321611471e+00
   3.4268574654205203e-01   3.1916733614917137e-01   2.8946371718614411e-01   2.7099479228785350e-01   2.5911888684790990e-01   2.5093148419555950e-01   2.4530333720117509e-01   2.4160613318052063e-01   2.3924763748287078e-01   2.3756640461221798e-01   2.3606723956867282e-01   2.3470486190897832e-01   2.3344889100714669e-01   2.3229019777045504e-01   2.3120298789146540e-01   2.3018679123578806e-01   2.2923859072890362e-01   2.2834608217840816e-01   2.2750382339099487e-01   2.2670188580050071e-01   2.2593496390882745e-01   2.2519428336140621e-01   2.2446965683427378e-01   2.2375935635509162e-01   2.2306852395482463e-01   2.2240954878426467e-01   2.2177394627302513e-01   2.2117337018440136e-01   2.2064991910929441e-01   2.2029997580420038e-01   2.1955978637541293e-01   2.1881109857715927e-01   2.1792667212520536e-01   2.1680165371137924e-01   2.1544385974930549e-01   2.1353540326425052e-01   2.1067335461485404e-01   2.0611351970428510e-01   2.0016683524808884e-01   1.9451783627831523e-01   1.9051053046162594e-01   1.8810617101779467e-01   1.8714038789370502e-01   1.8709152066425791e-01   1.8733884260412390e-01   1.8789787896376489e-01   1.8893696852975755e-01   1.8994240376288143e-01   1.9083260699322399e-01   1.9162522048308209e-01   1.9221713720854758e-01   1.9258399303493873e-01   1.9279854620292985e-01   1.9274654303121966e-01   1.9216441350181171e-01
   1.8696015533573997e-04   1.9421239007414424e-04   1.9974473143954456e-04   1.9603375156041546e-04   1.9063166279134085e-04   1.8620084888602522e-04   1.8328998846359071e-04   1.8161432876678712e-04   1.8075421679326876e-04   1.8030030484850835e-04   1.8002024922466190e-04   1.7980800516255842e-04   1.7964085876376047e-04   1.7950296490304741e-04   1.7938573085275066e-04   1.7928282571547300e-04   1.7919007343706017e-04   1.7910472911272690e-04   1.7902424329809192e-04   1.7894656737192297e-04   1.7886955656072910e-04   1.7879121900377307e-04   1.7870950603728045e-04   1.7862148141318024e-04   1.7852347215832287e-04   1.7841041546395314e-04   1.7828123209848431e-04   1.7813716021694418e-04   1.7798762396771409e-04   1.7786157036226534e-04   1.7756498411051200e-04   1.7712284947169539e-04   1.7646325793431889e-04   1.7545153105557335e-04   1.7369556032215800e-04   1.7045400723024560e-04   1.6319930342035242e-04   1.4743138331962632e-04   1.2000490781558465e-04   8.6769630357233217e-05   5.6221412876254469e-05   3.2052343802309644e-05   1.1735009248935897e-05  -5.0667320043890090e-06  -1.8392146479405516e-05  -2.9628639746571024e-05  -3.9812596937431198e-05  -4.8294691516375638e-05  -5.5350278175249854e-05  -6.1265578881980237e-05  -6.6000656323440804e-05  -6.9622128878777108e-05  -7.2325397871529217e-05  -7.4204414577577003e-05  -7.5262907389235322e-05
