  -9.4283607286139770e-02   2.0560773139387178e+00   3.6397839483182728e+00   3.6424710348448226e+00   4.3338167653737196e+00   4.8484391143416259e+00   5.0598338757118340e+00   4.9748473581084083e+00   4.7369911847526689e+00   4.4701935128009014e+00   4.2210419306728788e+00   3.9983032401658538e+00   3.7998401649290239e+00   3.6219226514334713e+00   3.4610883458718309e+00   3.3144748902146848e+00   3.1797362780564860e+00   3.0549485243076728e+00   2.9385375674450893e+00   2.8292324453698190e+00   2.7260242174661080e+00   2.6281283306708039e+00   2.5349562688416389e+00   2.4460859907521919e+00   2.3611982087808516e+00   2.2800409507163590e+00   2.2024144709064197e+00   2.1281658564041535e+00   2.0571966893168119e+00   1.9894669956287234e+00   1.9249578071590934e+00   1.8637045375429164e+00   1.8057413428668880e+00   1.7511017067769541e+00   1.6998100686686801e+00   1.6516657757527557e+00   1.6060365935648964e+00   1.5622746769673861e+00   1.5207188387717046e+00   1.4815922112523134e+00   1.4448819172023004e+00   1.4104381389983660e+00   1.3782909755361377e+00   1.3492852598947140e+00   1.3242838083136137e+00   1.3019878435008521e+00   1.2820062846373450e+00   1.2641574841538568e+00   1.2482646059922831e+00   1.2342165084071322e+00   1.2219749088932417e+00   1.2115158255236618e+00   1.2029026377496266e+00   1.1964339994152100e+00   1.1926657334946131e+00
   3.3451414340278653e+01   3.3532792292013859e+01   3.3720850922584049e+01   3.3760393556653270e+01   3.3895941845014846e+01   3.4060931241373005e+01   3.4245257603185372e+01   3.4410745725093342e+01   3.4524187458501757e+01   3.4596345795989144e+01   3.4643488359604000e+01   3.4676164470409525e+01   3.4700157313274978e+01   3.4718710522449157e+01   3.4733720267169730e+01   3.4746350109905052e+01   3.4757346509860483e+01   3.4767203375386352e+01   3.4776252369308772e+01   3.4784715810033035e+01   3.4792740381980757e+01   3.4800419800539551e+01   3.4807810069398954e+01   3.4814940535976113e+01   3.4821824770699564e+01   3.4828467269935949e+01   3.4834867078628186e+01   3.4841019432001232e+01   3.4846915967753674e+01   3.4852545095706724e+01   3.4857895627183090e+01   3.4862954348807868e+01   3.4867710848448091e+01   3.4872157514982611e+01   3.4876290168021136e+01   3.4880124884565028e+01   3.4883712753416440e+01   3.4887105213365935e+01   3.4890276870846222e+01   3.4893213027434946e+01   3.4895918307804564e+01   3.4898407991187916e+01   3.4900684578941117e+01   3.4902695730590196e+01   3.4904394223508888e+01   3.4905880722312610e+01   3.4907189478182438e+01   3.4908337716185265e+01   3.4909340832046396e+01   3.4910209600022057e+01   3.4910950415409609e+01   3.4911569315954360e+01   3.4912067783156687e+01   3.4912434614181031e+01   3.4912645042030931e+01
   2.9895197052362169e-04   3.7033648320565059e-04   6.7432277741638765e-04   8.0972255603698395e-04   1.1882076667658319e-03   1.6699587743604237e-03   2.1881309822461706e-03   2.6206058579979802e-03   2.9015897734545716e-03   3.0607266234093378e-03   3.1449468132878850e-03   3.1859665907534264e-03   3.2018064915519248e-03   3.2020261649464213e-03   3.1922234596175260e-03   3.1758382029975227e-03   3.1550554126513865e-03   3.1311813145768934e-03   3.1049547670074862e-03   3.0769368062139842e-03   3.0475219883826198e-03   3.0169864224141195e-03   2.9855510998875899e-03   2.9534246651395204e-03   2.9207906417202780e-03   2.8878155318795007e-03   2.8546631086665227e-03   2.8214954439660439e-03   2.7884853983916455e-03   2.7558253214093587e-03   2.7236908787213643e-03   2.6922872961674181e-03   2.6617997880456013e-03   2.6323975919672385e-03   2.6042163630039146e-03   2.5771062103145462e-03   2.5504242972821337e-03   2.5235241594442105e-03   2.4968918816709582e-03   2.4709327955950776e-03   2.4457771758596672e-03   2.4213891260209800e-03   2.3979748807683408e-03   2.3767644689292548e-03   2.3589502006542249e-03   2.3430537638067933e-03   2.3286579260196416e-03   2.3156546528700227e-03   2.3039663282243888e-03   2.2935959517531705e-03   2.2846252943292764e-03   2.2771406682918355e-03   2.2713223721615118e-03   2.2676479736453599e-03   2.2669024181271899e-03
                      NaN                      NaN                      NaN                      NaN                      NaN                      NaN                      NaN                      NaN                      NaN                      NaN                      NaN                      NaN                      NaN                      NaN                      NaN                      NaN                      NaN                      NaN                      NaN                      NaN                      NaN                      NaN                      NaN                      NaN                      NaN                      NaN                      NaN                      NaN                      NaN                      NaN                      NaN                      NaN                      NaN                      NaN                      NaN                      NaN                      NaN                      NaN                      NaN                      NaN                      NaN                      NaN                      NaN                      NaN                      NaN                      NaN                      NaN                      NaN                      NaN                      NaN                      NaN                      NaN                      NaN                      NaN                      NaN
   1.9947593018239298e+00   2.0005035019326445e+00   2.0358355641469665e+00   2.0541390788807887e+00   2.1053353439497453e+00   2.1741592594296129e+00   2.2536338411176384e+00   2.3251623037601088e+00   2.3751325367380480e+00   2.4064756224976094e+00   2.4258546718843363e+00   2.4380619590633756e+00   2.4459006267886374e+00   2.4509137917601267e+00   2.4540236647666811e+00   2.4558069256020985e+00   2.4566365642185084e+00   2.4567438774504833e+00   2.4562664782200740e+00   2.4553061317045817e+00   2.4539334023437482e+00   2.4521964003499002e+00   2.4501313289444204e+00   2.4477700344447020e+00   2.4451396316420730e+00   2.4422643955061543e+00   2.4391682753386048e+00   2.4358755505892158e+00   2.4324132168214789e+00   2.4288128200310175e+00   2.4251053719469766e+00   2.4213284469607270e+00   2.4175185248979489e+00   2.4137113341984300e+00   2.4099386445259086e+00   2.4061849688985650e+00   2.4023473496418899e+00   2.3983141111382418e+00   2.3941698495760613e+00   2.3899911151463993e+00   2.3858074586292215e+00   2.3816186911305901e+00   2.3774732031779897e+00   2.3736299848406559e+00   2.3703622698272460e+00   2.3674010142255266e+00   2.3646794759259495e+00   2.3621907168595211e+00   2.3599335163413517e+00   2.3579256135323612e+00   2.3562060023676570e+00   2.3548174914670281e+00   2.3538323441976998e+00   2.3534002732998416e+00   2.3537257608930009e+00
   2.2461597212391864e-02   2.2524482882909327e-02   2.2914137020033313e-02   2.3116539425111323e-02   2.3682771660029699e-02   2.4444743731995452e-02   2.5325949803624563e-02   2.6120208412736455e-02   2.6675639958245560e-02   2.7024493356937351e-02   2.7240584631604298e-02   2.7377043265452611e-02   2.7464953545743111e-02   2.7521443266037764e-02   2.7556751731145850e-02   2.7577283815557990e-02   2.7587183794259895e-02   2.7589025322717186e-02   2.7584343583007088e-02   2.7574272825622137e-02   2.7559599844135377e-02   2.7540861571566013e-02   2.7518461892236456e-02   2.7492755309892557e-02   2.7464043434039985e-02   2.7432596042674125e-02   2.7398678888341660e-02   2.7362561112720819e-02   2.7324541617431281e-02   2.7284969450048133e-02   2.7244188028018246e-02   2.7202613176669509e-02   2.7160648863408375e-02   2.7118690911575191e-02   2.7077091755197780e-02   2.7035683939769524e-02   2.6993336434929811e-02   2.6948820557410925e-02   2.6903068625843539e-02   2.6856924815036199e-02   2.6810715710552241e-02   2.6764440276337727e-02   2.6718632978625225e-02   2.6676151144743705e-02   2.6640012796141442e-02   2.6607254138232908e-02   2.6577141808875403e-02   2.6549601326241991e-02   2.6524621051144715e-02   2.6502398972685998e-02   2.6483368654524317e-02   2.6468006315787742e-02   2.6457115319551073e-02   2.6452356174176243e-02   2.6455990365201035e-02
   2.3329754947705321e-12   2.3334749125124878e-12   2.3486991796218432e-12   2.3571826226081747e-12   2.3777639846825877e-12   2.4011506998952976e-12   2.4199946546806572e-12   2.4291789266419973e-12   2.4313562399882430e-12   2.4290389860433161e-12   2.4243350060550611e-12   2.4184652371071805e-12   2.4120482998413779e-12   2.4053353916540716e-12   2.3984756059148147e-12   2.3915699829769349e-12   2.3846910120713526e-12   2.3778789996229629e-12   2.3711529950887587e-12   2.3645487691390442e-12   2.3581061533487290e-12   2.3518653529767862e-12   2.3458690888243948e-12   2.3401629778175816e-12   2.3347876103145002e-12   2.3297760637430795e-12   2.3251543305018829e-12   2.3209434658175322e-12   2.3171636868963164e-12   2.3138356024928356e-12   2.3109743711194695e-12   2.3085963204412549e-12   2.3067108999701590e-12   2.3053213391325880e-12   2.3044224496234577e-12   2.3039661859022875e-12   2.3038407075290327e-12   2.3039396835142647e-12   2.3042901579259600e-12   2.3049119577379241e-12   2.3057960535865132e-12   2.3069190223272622e-12   2.3082849232134304e-12   2.3099792494832308e-12   2.3120583142903597e-12   2.3144084497443539e-12   2.3169790208098434e-12   2.3197289248452147e-12   2.3226123898633904e-12   2.3255818476251731e-12   2.3285856548911151e-12   2.3315671909294637e-12   2.3344615867715231e-12   2.3371740926618911e-12   2.3395144512998058e-12
   2.1885112666957585e+00   2.1944635501625647e+00   2.2128002474346204e+00   2.2196602289997336e+00   2.2416206275701747e+00   2.2729165944439922e+00   2.3136010595608156e+00   2.3546482111665035e+00   2.3854746207860504e+00   2.4067945400179456e+00   2.4217620744232589e+00   2.4327605471412914e+00   2.4411998815018485e+00   2.4479167498661503e+00   2.4534196967115509e+00   2.4580314703271355e+00   2.4619649122803589e+00   2.4653645621221298e+00   2.4683294696442575e+00   2.4709265230717143e+00   2.4732009593238402e+00   2.4751833248775568e+00   2.4768942905085773e+00   2.4783484059330476e+00   2.4795567005121670e+00   2.4805281072866099e+00   2.4812705106310262e+00   2.4817915795169698e+00   2.4820995847814413e+00   2.4822046518196164e+00   2.4821186383255340e+00   2.4818562019591504e+00   2.4814333663228276e+00   2.4808672317955023e+00   2.4801754551459667e+00   2.4793675580396188e+00   2.4784309265775653e+00   2.4773422120708650e+00   2.4761231818866780e+00   2.4747975303086678e+00   2.4733780112422274e+00   2.4718697802305893e+00   2.4702938928679163e+00   2.4687458827205435e+00   2.4673473948839484e+00   2.4660274393172976e+00   2.4647791514174018e+00   2.4636134823229758e+00   2.4625429487127741e+00   2.4615901077582083e+00   2.4607920180640215e+00   2.4601907741692544e+00   2.4598527671197057e+00   2.4598900888351189e+00   2.4604149534620730e+00
   3.4823530637727945e-01   3.2480947283368516e-01   2.7902946130499834e-01   2.6205799974797817e-01   2.1047164247148192e-01   1.4883410781501441e-01   8.8048939218880573e-02   4.2537256345122107e-02   1.6532803539503160e-02   5.2680050807003631e-03   3.0052448328939845e-03   2.9953650189113480e-03   2.9946191230150881e-03   2.9982097607270399e-03   3.0022241002017509e-03   3.6989758427301189e-03   5.9718896234780359e-03   9.2468491855860323e-03   1.3193403206131923e-02   1.7610970070403093e-02   2.2378078333154749e-02   2.7420111731262506e-02   3.2685670722409958e-02   3.8132426523972293e-02   4.3726182592729701e-02   4.9437658462109610e-02   5.5238874421028761e-02   6.1102081172139146e-02   6.6996598189421705e-02   7.2886886526378272e-02   7.8739342453614983e-02   8.4513277250263891e-02   9.0170583081261288e-02   9.5675041773847752e-02   1.0099611863486710e-01   1.0616180407929920e-01   1.1130405860116975e-01   1.1655930909478729e-01   1.2182775586211264e-01   1.2702339399818469e-01   1.3211684684100933e-01   1.3711389615694944e-01   1.4196637234363424e-01   1.4639473600824415e-01   1.5011819710542773e-01   1.5345324425749729e-01   1.5648637348818742e-01   1.5923674990293540e-01   1.6171739490578668e-01   1.6392278825505693e-01   1.6582865217109277e-01   1.6740887032895113e-01   1.6861421995642692e-01   1.6932334355480894e-01   1.6934195386600837e-01
  -5.8518850177068224e-04  -5.4119410324503887e-04  -4.5280477679648462e-04  -4.3706291323432388e-04  -3.7926131863047767e-04  -3.1163243373500760e-04  -2.3932419604413764e-04  -1.7711189852738404e-04  -1.3644250161783523e-04  -1.1202299543948120e-04  -9.7167387892635411e-05  -8.7753778685621461e-05  -8.1602454465350263e-05  -7.7514389261529006e-05  -7.4797439686117467e-05  -7.3029299632921537e-05  -7.1939285271817755e-05  -7.1346669446256558e-05  -7.1127258021508793e-05  -7.1193833747413022e-05  -7.1483891507707697e-05  -7.1951748622211154e-05  -7.2563171578043090e-05  -7.3291821961791979e-05  -7.4117169674072476e-05  -7.5023160465211692e-05  -7.5997185343249196e-05  -7.7028718731301859e-05  -7.8108041495254747e-05  -7.9225522320798037e-05  -8.0371631248896789e-05  -8.1536148701260235e-05  -8.2708883473536890e-05  -8.3879595582891247e-05  -8.5038125756966819e-05  -8.6179805461733921e-05  -8.7311902744005937e-05  -8.8444714488534671e-05  -8.9564502698281044e-05  -9.0659876410192995e-05  -9.1725511515722052e-05  -9.2760293236043343e-05  -9.3758097466550882e-05  -9.4686134476417829e-05  -9.5507615608452404e-05  -9.6256836384649318e-05  -9.6941606402741557e-05  -9.7564733803571919e-05  -9.8129871822719901e-05  -9.8638717589581614e-05  -9.9090369344657196e-05  -9.9483238927462419e-05  -9.9812246477326382e-05  -1.0006295958905381e-04  -1.0021056656909034e-04
