   2.3996166594125043e+01   1.9689718904833683e+01   1.2143031239672748e+01   8.5523895437854023e+00   6.6423055493804464e+00   5.5326275943995862e+00   4.8541068794961886e+00   4.4305999076802545e+00   4.1670226903881122e+00   4.0070090094098090e+00   3.9154314653191093e+00   3.8692703737673462e+00   3.8521607250612129e+00   3.8511222735184050e+00   3.8560009962145410e+00   3.8613401090592121e+00   3.8661525536512085e+00   3.8697573156467597e+00   3.8716945453871188e+00   3.8716278295085718e+00   3.8692812821788056e+00   3.8643937029642581e+00   3.8566823330844033e+00   3.8458087260091616e+00   3.8313525048965080e+00   3.8127780981346118e+00   3.7893825868593449e+00   3.7603161033474084e+00   3.7245215210658724e+00   3.6807521055141144e+00   3.6275728473028104e+00   3.5633897779768020e+00   3.4866279183486908e+00   3.3957542390059676e+00   3.2896404682330003e+00   3.1680568233081789e+00   3.0323105256726448e+00   2.8851783271655620e+00   2.7311518794727396e+00   2.5748965252549345e+00   2.4218814780982028e+00   2.2753593234609295e+00   2.1376886323536222e+00   2.0102620897971919e+00   1.8935419590283817e+00   1.7868987478564506e+00   1.6894385965354688e+00   1.6013014724658625e+00   1.5225633641047442e+00   1.4528217991289263e+00   1.3919292888781933e+00   1.3396157732955951e+00   1.2969305267876587e+00   1.2651084184950305e+00   1.2468868183843052e+00
   3.7066234745117178e+01   3.6524235452485215e+01   3.5681900329980770e+01   3.5300019961878405e+01   3.5113307925224085e+01   3.5017843438896712e+01   3.4970830776235161e+01   3.4952391668293359e+01   3.4952057994746916e+01   3.4963657363422534e+01   3.4983137707797397e+01   3.5007463225189476e+01   3.5034274684489795e+01   3.5060574627849199e+01   3.5083900518897487e+01   3.5103355318026857e+01   3.5119545218984030e+01   3.5132982539421192e+01   3.5144096422283347e+01   3.5153237650033816e+01   3.5160692842359005e+01   3.5166689236571209e+01   3.5171405808885311e+01   3.5174978155526695e+01   3.5177500983925896e+01   3.5179031724945339e+01   3.5179592507823322e+01   3.5179168399424192e+01   3.5177711419600541e+01   3.5175142630619121e+01   3.5171356283484769e+01   3.5166225623692974e+01   3.5159621107591732e+01   3.5151417406465569e+01   3.5141529144815060e+01   3.5129960945214457e+01   3.5116871424089446e+01   3.5102567562262017e+01   3.5087525094897728e+01   3.5072233262613565e+01   3.5057251891588280e+01   3.5042915089475343e+01   3.5029461874707273e+01   3.5017031120186871e+01   3.5005667315524732e+01   3.4995306585884187e+01   3.4985861332446440e+01   3.4977353818785794e+01   3.4969795544848715e+01   3.4963147347712855e+01   3.4957390080598856e+01   3.4952488826799843e+01   3.4948527535249148e+01   3.4945601057287284e+01   3.4943937377407700e+01
   1.5253853488998346e-04   6.6453368063299672e-04   1.4017752956993006e-03   1.7291775491658390e-03   1.8845954173937883e-03   1.9614155694558447e-03   1.9976545204635795e-03   2.0101739871417196e-03   2.0070811516647580e-03   1.9924676925333223e-03   1.9686146622799384e-03   1.9373560337199332e-03   1.8998489858873596e-03   1.8593262852216578e-03   1.8191826204731220e-03   1.7816169308308308e-03   1.7472032373270130e-03   1.7161450076714655e-03   1.6884586366059660e-03   1.6640670835816923e-03   1.6428316221183637e-03   1.6246107154861086e-03   1.6092619569920950e-03   1.5966646067138914e-03   1.5867487937938293e-03   1.5794938796513485e-03   1.5749160732310798e-03   1.5731326014543224e-03   1.5743158110605373e-03   1.5787108548133393e-03   1.5866193343689117e-03   1.5983677079590296e-03   1.6142638156387708e-03   1.6345340013072176e-03   1.6592391706022256e-03   1.6881492905707520e-03   1.7205986391304687e-03   1.7555012359275234e-03   1.7913973029413449e-03   1.8268663162122971e-03   1.8605335021382482e-03   1.8916250978282395e-03   1.9196919666730069e-03   1.9445687864520741e-03   1.9663142859639399e-03   1.9851850927060160e-03   2.0014510841393218e-03   2.0152151127000037e-03   2.0266314454176855e-03   2.0359373683202873e-03   2.0433713452869358e-03   2.0492058778878155e-03   2.0536703000450336e-03   2.0570479611895101e-03   2.0596197635408429e-03
                      NaN                      NaN                      NaN                      NaN                      NaN                      NaN                      NaN                      NaN                      NaN                      NaN                      NaN                      NaN                      NaN                      NaN                      NaN                      NaN                      NaN                      NaN                      NaN                      NaN                      NaN                      NaN                      NaN                      NaN                      NaN                      NaN                      NaN                      NaN                      NaN                      NaN                      NaN                      NaN                      NaN                      NaN                      NaN                      NaN                      NaN                      NaN                      NaN                      NaN                      NaN                      NaN                      NaN                      NaN                      NaN                      NaN                      NaN                      NaN                      NaN                      NaN                      NaN                      NaN                      NaN                      NaN                      NaN
   2.0502910956793037e+00   2.1041943442515567e+00   2.1838918339912006e+00   2.2219073257827531e+00   2.2421644828181617e+00   2.2541271183830514e+00   2.2617331677197261e+00   2.2667594314624817e+00   2.2700541978579425e+00   2.2720194370388627e+00   2.2728378852775983e+00   2.2726223115135014e+00   2.2714122682314803e+00   2.2694486030260670e+00   2.2670386265309168e+00   2.2644583251318697e+00   2.2618839533773927e+00   2.2594218800147483e+00   2.2571376994586960e+00   2.2550717600279810e+00   2.2532465727953737e+00   2.2516764126075328e+00   2.2503695039960023e+00   2.2493322380226854e+00   2.2485739186971068e+00   2.2481072953798145e+00   2.2479474062537701e+00   2.2481204620131510e+00   2.2486579940677447e+00   2.2495993871010223e+00   2.2509896468563113e+00   2.2528745554381095e+00   2.2552942440565782e+00   2.2582733413711904e+00   2.2618088898668631e+00   2.2658530014514606e+00   2.2702942994824524e+00   2.2749616453352042e+00   2.2796370857938006e+00   2.2841150074685648e+00   2.2882141870190638e+00   2.2918186260555640e+00   2.2948627543314930e+00   2.2973302515793446e+00   2.2992391889295445e+00   2.3006230979627094e+00   2.3015144362938362e+00   2.3019661536539497e+00   2.3020505543902563e+00   2.3018428514410547e+00   2.3014370702563638e+00   2.3009331266616457e+00   2.3005103774390552e+00   2.3003900065961767e+00   2.3009102202122897e+00
   2.3096201899632258e-02   2.3691356381813897e-02   2.4571848135102756e-02   2.4992177551093349e-02   2.5216389306324031e-02   2.5348949786323797e-02   2.5433345304991990e-02   2.5489208428120361e-02   2.5525918203779467e-02   2.5547921466621479e-02   2.5557238728490840e-02   2.5555111644938653e-02   2.5541973447329138e-02   2.5520478736056278e-02   2.5494018915159716e-02   2.5465645099623624e-02   2.5437311908832892e-02   2.5410200097354643e-02   2.5385038627535047e-02   2.5362276558977850e-02   2.5342165253142764e-02   2.5324864517656608e-02   2.5310466989577930e-02   2.5299044811020861e-02   2.5290702073022423e-02   2.5285580857979894e-02   2.5283848695870765e-02   2.5285796387245821e-02   2.5291773689545959e-02   2.5302217147598526e-02   2.5317625426212624e-02   2.5338505838628435e-02   2.5365303094146991e-02   2.5398290648375604e-02   2.5437436733112648e-02   2.5482212173957079e-02   2.5531384679051587e-02   2.5583060311109240e-02   2.5634826217521771e-02   2.5684406009558281e-02   2.5729792132273305e-02   2.5769695846852132e-02   2.5803386421209492e-02   2.5830680016800462e-02   2.5851774820028688e-02   2.5867039918717079e-02   2.5876833222562921e-02   2.5881744569958252e-02   2.5882579747952435e-02   2.5880176199617567e-02   2.5875581786680344e-02   2.5869909830600300e-02   2.5865162618089122e-02   2.5863809710799154e-02   2.5869629645111129e-02
   2.4074184753204503e-12   2.4357910507061253e-12   2.4629646056315475e-12   2.4708416207009236e-12   2.4733895454168689e-12   2.4745430080160629e-12   2.4755290157724443e-12   2.4767511472620715e-12   2.4783225688934443e-12   2.4802185634877147e-12   2.4823485012495159e-12   2.4846162535935483e-12   2.4868641367920551e-12   2.4887892810372584e-12   2.4901225441585452e-12   2.4908075571770501e-12   2.4909895248529967e-12   2.4907714494900584e-12   2.4902291513986371e-12   2.4894175552379111e-12   2.4883729897292432e-12   2.4871188876567351e-12   2.4856653015383972e-12   2.4840102475598049e-12   2.4821426839677596e-12   2.4800405109798459e-12   2.4776644403213280e-12   2.4749713897969411e-12   2.4719037614224358e-12   2.4683965823276076e-12   2.4643786621221805e-12   2.4597746794824352e-12   2.4545216704627504e-12   2.4485641864156618e-12   2.4418823677996345e-12   2.4345244087650204e-12   2.4266444712995906e-12   2.4184831358737470e-12   2.4103765055409845e-12   2.4026450550505746e-12   2.3956331192428534e-12   2.3894970835294331e-12   2.3843178960063325e-12   2.3801152041690059e-12   2.3768563958471954e-12   2.3744534681687796e-12   2.3728005389865822e-12   2.3718294487575724e-12   2.3714708763094543e-12   2.3716353291633070e-12   2.3722444417091733e-12   2.3732115663235085e-12   2.3744896876690972e-12   2.3760237157017790e-12   2.3777697320181821e-12
   2.4474491567966754e+00   2.4245630011510690e+00   2.3943793726756870e+00   2.3833945819245237e+00   2.3794687823566671e+00   2.3783841428315950e+00   2.3785782985351998e+00   2.3793877862615025e+00   2.3804785065637537e+00   2.3816523399824687e+00   2.3827692707394359e+00   2.3837112226793913e+00   2.3843940349410602e+00   2.3848073559022835e+00   2.3849896230153291e+00   2.3850079152471499e+00   2.3849339539607732e+00   2.3848169150453602e+00   2.3846912771086406e+00   2.3845817002587668e+00   2.3845066181556129e+00   2.3844804379471403e+00   2.3845155615335507e+00   2.3846238960309822e+00   2.3848178537874647e+00   2.3851116239354906e+00   2.3855229787464549e+00   2.3860722913078742e+00   2.3867842843300657e+00   2.3876871362200611e+00   2.3888119045331511e+00   2.3901911648435541e+00   2.3918538021898947e+00   2.3938239540287416e+00   2.3961115877252515e+00   2.3987005924854405e+00   2.4015350030604554e+00   2.4045239620576915e+00   2.4075419512020195e+00   2.4104692922082469e+00   2.4131850567455184e+00   2.4155857776000271e+00   2.4175938761414013e+00   2.4191724275388369e+00   2.4203149629852891e+00   2.4210253645006414e+00   2.4213122260803059e+00   2.4212276966162265e+00   2.4208465502955994e+00   2.4202432789066646e+00   2.4195171672912981e+00   2.4187734364566738e+00   2.4182233226596694e+00   2.4181307416674298e+00   2.4189140039896593e+00
   2.1844194387717558e-01   1.9502834970148059e-01   1.7432061661777529e-01   1.6837378390563465e-01   1.6675096353814611e-01   1.6617407172910495e-01   1.6563684748732785e-01   1.6492975311656222e-01   1.6414074337502751e-01   1.6347327861641386e-01   1.6314867270187600e-01   1.6332656604771215e-01   1.6418626651071525e-01   1.6570222531753831e-01   1.6774156223715073e-01   1.7009885498406671e-01   1.7257213276212577e-01   1.7503718953115996e-01   1.7741535065626315e-01   1.7965735637271601e-01   1.8173607301338027e-01   1.8363583184462237e-01   1.8535081814822341e-01   1.8688088569894659e-01   1.8822639210021641e-01   1.8938871128673870e-01   1.9037371618030219e-01   1.9117944327625305e-01   1.9180564933341260e-01   1.9224954402213218e-01   1.9250803955250470e-01   1.9258213741600261e-01   1.9247730646512387e-01   1.9221442121604593e-01   1.9183005822839208e-01   1.9137859537398016e-01   1.9093115340599109e-01   1.9057562092992583e-01   1.9039482603421598e-01   1.9045567971332922e-01   1.9077481171212232e-01   1.9135261264290912e-01   1.9216486862972895e-01   1.9317508153687341e-01   1.9434564047239980e-01   1.9565259587254077e-01   1.9708259258280028e-01   1.9859914546515708e-01   2.0015756883317934e-01   2.0172101206539580e-01   2.0323876634439875e-01   2.0465957920705119e-01   2.0586846301210271e-01   2.0672724013414762e-01   2.0701334930585655e-01
   9.3187504886499406e-04   7.1749483936154451e-04   3.8250153133072778e-04   2.2820853447854100e-04   1.5124547461788288e-04   1.1078192455145277e-04   8.9855453720610548e-05   8.0518497268728856e-05   7.8558463742500051e-05   8.1485181023855963e-05   8.7671514674959167e-05   9.5912017112393953e-05   1.0526892576801960e-04   1.1456857038991597e-04   1.2283222168424913e-04   1.2967696745022546e-04   1.3530281147443822e-04   1.3987894736623675e-04   1.4354647573198729e-04   1.4641885697775129e-04   1.4858580259579155e-04   1.5011416666441279e-04   1.5105067084366148e-04   1.5142231810484741e-04   1.5123625159693633e-04   1.5047932733591366e-04   1.4911577629977670e-04   1.4708837457934933e-04   1.4431596985054084e-04   1.4069544670469451e-04   1.3610316225469925e-04   1.3039864803489722e-04   1.2344164093651750e-04   1.1509564422138111e-04   1.0526212238049685e-04   9.3927420269908823e-05   8.1223225146323871e-05   6.7420520425701870e-05   5.2951668810477610e-05   3.8264352926035732e-05   2.3879560755746646e-05   1.0107483256760185e-05  -2.8278365959905539e-06  -1.4794714692432705e-05  -2.5749860486587553e-05  -3.5753040996771212e-05  -4.4888280134550744e-05  -5.3139981453559476e-05  -6.0499814823646013e-05  -6.7005508202024977e-05  -7.2672227359230873e-05  -7.7527747462139185e-05  -8.1478759110167786e-05  -8.4416603144315524e-05  -8.6095374993859337e-05
