   2.4175485327422706e+01   2.1321752812143185e+01   1.5165336760298434e+01   1.1544483152478580e+01   9.3682773426505968e+00   7.9388778636071500e+00   6.9200277849040424e+00   6.1486324057887085e+00   5.5400672342392987e+00   5.0466054628501036e+00   4.6391584586401038e+00   4.2986734213389139e+00   4.0117217458973693e+00   3.7679949519215818e+00   3.5591369223087823e+00   3.3782699394776570e+00   3.2197832151594579e+00   3.0790441984185875e+00   2.9523448446052831e+00   2.8367401725874699e+00   2.7299302322474159e+00   2.6302044169941365e+00   2.5362912173896954e+00   2.4473197241424165e+00   2.3626837707109849e+00   2.2820168081815373e+00   2.2050647923337650e+00   2.1316627329636946e+00   2.0616594014366614e+00   1.9949178252524002e+00   1.9313858399737391e+00   1.8709489363786562e+00   1.8134701372728588e+00   1.7587643093279959e+00   1.7066619189800878e+00   1.6570705481274515e+00   1.6099202427643613e+00   1.5651795386539251e+00   1.5228084832414701e+00   1.4827950530041891e+00   1.4450419620944266e+00   1.4094685071953559e+00   1.3759907795610706e+00   1.3444993268091801e+00   1.3147576393426037e+00   1.2864722449503998e+00   1.2596903583928221e+00   1.2346878765408200e+00   1.2116443865204412e+00   1.1906335806306954e+00   1.1717605358630421e+00   1.1552350648185203e+00   1.1413535012223703e+00   1.1307573184109052e+00   1.1245748878310029e+00
   3.5687096585111760e+01   3.5494562667695135e+01   3.5147903528753226e+01   3.4952957143968561e+01   3.4853520753496660e+01   3.4802687614659476e+01   3.4776171230803236e+01   3.4761832822409801e+01   3.4753731667401190e+01   3.4749033461080259e+01   3.4746453739864442e+01   3.4745475762417115e+01   3.4745920622157179e+01   3.4747674129769067e+01   3.4750637027634454e+01   3.4754703754316225e+01   3.4759753733349790e+01   3.4765652903865096e+01   3.4772253107326577e+01   3.4779397203640436e+01   3.4786927015385949e+01   3.4794688577640407e+01   3.4802544309854099e+01   3.4810374640902161e+01   3.4818088150821232e+01   3.4825623308419381e+01   3.4832921543514942e+01   3.4839930098138410e+01   3.4846608834519692e+01   3.4852929318947950e+01   3.4858866869366473e+01   3.4864413042212149e+01   3.4869570203922741e+01   3.4874351963470730e+01   3.4878775600887309e+01   3.4882855778386968e+01   3.4886608430421326e+01   3.4890048955093988e+01   3.4893194980736013e+01   3.4896062965952034e+01   3.4898675783238637e+01   3.4901054685712296e+01   3.4903220340888566e+01   3.4905194238663611e+01   3.4907004461363321e+01   3.4908668919172179e+01   3.4910183773406786e+01   3.4911534288069177e+01   3.4912714866337943e+01   3.4913729021390495e+01   3.4914582295656778e+01   3.4915279391529644e+01   3.4915825430646414e+01   3.4916216090154528e+01   3.4916432848832784e+01
   1.8130873789940036e-04   8.1961561903687687e-04   1.8081164900657820e-03   2.3066662346011837e-03   2.5872935266001876e-03   2.7616486732501681e-03   2.8731157483565168e-03   2.9416954773821861e-03   2.9795269683680235e-03   2.9956490025889915e-03   2.9971647920103398e-03   2.9893335602270096e-03   2.9758584820384691e-03   2.9593500258160645e-03   2.9415108282492483e-03   2.9233347509501151e-03   2.9053184598235768e-03   2.8875720511100530e-03   2.8699848298461769e-03   2.8523051266160040e-03   2.8342144886756358e-03   2.8154167118067262e-03   2.7956578127123388e-03   2.7747877991458874e-03   2.7527767414404509e-03   2.7298527120483201e-03   2.7062193440368469e-03   2.6820869952856436e-03   2.6576378261891275e-03   2.6330328469081556e-03   2.6084617229845497e-03   2.5840514483185142e-03   2.5598891219292680e-03   2.5360034550101487e-03   2.5124142419407592e-03   2.4891763100294210e-03   2.4663439649966474e-03   2.4439854112641738e-03   2.4221527946240288e-03   2.4009110416816143e-03   2.3802539376956288e-03   2.3601810201207677e-03   2.3406855884416733e-03   2.3217365716887055e-03   2.3031953851117637e-03   2.2849680595553611e-03   2.2672479303841361e-03   2.2504139078013846e-03   2.2347510591372408e-03   2.2204359787124542e-03   2.2076481744434011e-03   2.1966310888533003e-03   2.1876774771440212e-03   2.1813592040750454e-03   2.1786551888002357e-03
                      NaN                      NaN                      NaN                      NaN                      NaN                      NaN                      NaN                      NaN                      NaN                      NaN                      NaN                      NaN                      NaN                      NaN                      NaN                      NaN                      NaN                      NaN                      NaN                      NaN                      NaN                      NaN                      NaN                      NaN                      NaN                      NaN                      NaN                      NaN                      NaN                      NaN                      NaN                      NaN                      NaN                      NaN                      NaN                      NaN                      NaN                      NaN                      NaN                      NaN                      NaN                      NaN                      NaN                      NaN                      NaN                      NaN                      NaN                      NaN                      NaN                      NaN                      NaN                      NaN                      NaN                      NaN                      NaN
   1.9322776835029223e+00   2.0221390400021395e+00   2.1743211467737149e+00   2.2583650002059024e+00   2.3097177075731037e+00   2.3444510315458573e+00   2.3690653289730514e+00   2.3865727523812055e+00   2.3987958862545375e+00   2.4071200791410634e+00   2.4126748146152668e+00   2.4163302866107439e+00   2.4187312673069310e+00   2.4203500967266258e+00   2.4215128606785772e+00   2.4224253398231115e+00   2.4232020049209790e+00   2.4238842931074074e+00   2.4244651553641732e+00   2.4249037725028630e+00   2.4251399473549347e+00   2.4251106265165991e+00   2.4247572783571454e+00   2.4240379968397381e+00   2.4229340389052418e+00   2.4214771099299686e+00   2.4196958734045100e+00   2.4176216182460020e+00   2.4152828961446429e+00   2.4127067231798258e+00   2.4099278567693592e+00   2.4069718597362635e+00   2.4038583425833728e+00   2.4005961322523710e+00   2.3971925774336102e+00   2.3936630949688555e+00   2.3900238062287724e+00   2.3862950448624916e+00   2.3824942842690282e+00   2.3786430972019486e+00   2.3747455157291708e+00   2.3708069104402356e+00   2.3668309131179508e+00   2.3628141538725425e+00   2.3587207966490729e+00   2.3545241694842058e+00   2.3502857713609755e+00   2.3461345373819471e+00   2.3421803508247416e+00   2.3385053950245074e+00   2.3351993481606139e+00   2.3323810386412895e+00   2.3301944183534613e+00   2.3288952091529636e+00   2.3289013717044731e+00
   2.1760082905224690e-02   2.2756911171486652e-02   2.4446712018842211e-02   2.5380717418103355e-02   2.5951844726915890e-02   2.6338463890463137e-02   2.6612741115678296e-02   2.6808103456193281e-02   2.6944764567326300e-02   2.7038084038286614e-02   2.7100586006384503e-02   2.7141926216166155e-02   2.7169266625517347e-02   2.7187856045150963e-02   2.7201321518979932e-02   2.7211955706531586e-02   2.7221037604831116e-02   2.7229035452640798e-02   2.7235878232607588e-02   2.7241119030044461e-02   2.7244094746670028e-02   2.7244109198236565e-02   2.7240515386809307e-02   2.7232849658297493e-02   2.7220904558249385e-02   2.7205031256692554e-02   2.7185547404634497e-02   2.7162799633211145e-02   2.7137104287179029e-02   2.7108760733892023e-02   2.7078154157103643e-02   2.7045567982946807e-02   2.7011219722658904e-02   2.6975207340920848e-02   2.6937612339965868e-02   2.6898605691391728e-02   2.6858366209499343e-02   2.6817119500186767e-02   2.6775059465589657e-02   2.6732425595470542e-02   2.6689262567030705e-02   2.6645629913192168e-02   2.6601567838232171e-02   2.6557038691993915e-02   2.6511643689293502e-02   2.6465085831735891e-02   2.6418048990228371e-02   2.6371968281692398e-02   2.6328067759190089e-02   2.6287263768746422e-02   2.6250556549335620e-02   2.6219271370424201e-02   2.6195013760763410e-02   2.6180634739682612e-02   2.6180793194421199e-02
   2.2453446010690962e-12   2.3040645493864000e-12   2.3861751180424456e-12   2.4213141963230238e-12   2.4363453289850047e-12   2.4420969062750524e-12   2.4428677414116188e-12   2.4406621519750111e-12   2.4366135004159334e-12   2.4314316936882711e-12   2.4255729957639219e-12   2.4193383255579292e-12   2.4129175425792500e-12   2.4064278114849208e-12   2.3999318298068718e-12   2.3934582031804957e-12   2.3870240153518477e-12   2.3806368508949473e-12   2.3743130567696602e-12   2.3680786957813233e-12   2.3619686561650255e-12   2.3560314571582542e-12   2.3503178114903469e-12   2.3448848039219217e-12   2.3397807683249202e-12   2.3350392336902861e-12   2.3306927962248459e-12   2.3267728023946974e-12   2.3233002747943888e-12   2.3202884005232845e-12   2.3177544918071142e-12   2.3157008037504506e-12   2.3141212731968381e-12   2.3129986644619787e-12   2.3123146845538696e-12   2.3120578107010741e-12   2.3122163294311471e-12   2.3127810101371193e-12   2.3137396984656200e-12   2.3150815163571100e-12   2.3167867327708590e-12   2.3188370260558409e-12   2.3212144692194706e-12   2.3239008937938767e-12   2.3268728031227265e-12   2.3300797620058940e-12   2.3334745996062281e-12   2.3370128805337349e-12   2.3406473089867367e-12   2.3443267840083799e-12   2.3479966592367828e-12   2.3515977301646238e-12   2.3550618935076950e-12   2.3582961462124458e-12   2.3611575194629340e-12
   2.2963654614604976e+00   2.3078330103278284e+00   2.3381989628083986e+00   2.3606023124123219e+00   2.3785200019959478e+00   2.3936246944375639e+00   2.4064400323156709e+00   2.4171465015906883e+00   2.4259370589322256e+00   2.4330927857345612e+00   2.4389450564402475e+00   2.4438111251727070e+00   2.4479686433063601e+00   2.4516342982314994e+00   2.4549712599338838e+00   2.4580932520966758e+00   2.4610700179863749e+00   2.4639356929876088e+00   2.4666948195635090e+00   2.4693298131034385e+00   2.4718086054988624e+00   2.4740920863236964e+00   2.4761411185157103e+00   2.4779223263391401e+00   2.4794150529858965e+00   2.4806277614335066e+00   2.4815685384785686e+00   2.4822469845245325e+00   2.4826726909643915e+00   2.4828556243173110e+00   2.4828106448517198e+00   2.4825494609775887e+00   2.4820814571418208e+00   2.4814103784668538e+00   2.4805387947673845e+00   2.4794741816506503e+00   2.4782248990738167e+00   2.4768025789446706e+00   2.4752175274698418e+00   2.4734837131304221e+00   2.4716025843938758e+00   2.4695766228178058e+00   2.4674070427073236e+00   2.4650893469524191e+00   2.4625910540903662e+00   2.4598875156811868e+00   2.4570319167325008e+00   2.4541444289216763e+00   2.4513351850889364e+00   2.4486935809883255e+00   2.4463199027662310e+00   2.4443463454160446e+00   2.4429337987849502e+00   2.4423591897632928e+00   2.4430678459090323e+00
   2.1909615675608440e-01   1.5883028248908138e-01   7.5856163023026030e-02   3.9198696906886057e-02   2.0801333573293248e-02   1.0955733607678722e-02   6.3171915654273237e-03   5.3737630902973990e-03   7.1105047116422826e-03   1.0656045209780883e-02   1.5252957955340546e-02   2.0324238060478721e-02   2.5471978895935176e-02   3.0435396637435913e-02   3.5074451095435735e-02   3.9339212332023844e-02   4.3241729196541179e-02   4.6844171163212184e-02   5.0232918641825011e-02   5.3507891302418356e-02   5.6771451110336081e-02   6.0113309352235106e-02   6.3608430304092370e-02   6.7306218000468612e-02   7.1229300240859578e-02   7.5350323487685777e-02   7.9643227660885482e-02   8.4077789015997370e-02   8.8626785853170770e-02   9.3264742001596332e-02   9.7957841036674528e-02   1.0268288711306314e-01   1.0742304028649478e-01   1.1217229908982235e-01   1.1692548417716712e-01   1.2166893876466292e-01   1.2638827144663062e-01   1.3106516784984584e-01   1.3568427320011406e-01   1.4022692226371777e-01   1.4469024291817209e-01   1.4907008185861947e-01   1.5336380110126696e-01   1.5757449422701467e-01   1.6173079514318744e-01   1.6585639955491674e-01   1.6990715887913929e-01   1.7379233872542729e-01   1.7744061247346360e-01   1.8080429722815652e-01   1.8383254167964680e-01   1.8645603358978291e-01   1.8859036999797404e-01   1.9007768432164321e-01   1.9065375400390683e-01
   4.5152788914524258e-04   3.5791847544663392e-04   1.8757110091649745e-04   8.9452428302853602e-05   3.6571164270959444e-05   6.9012720779233690e-06  -1.0892374572655848e-05  -2.2471119466878666e-05  -3.0647924780721822e-05  -3.6845776308120676e-05  -4.1798711583706735e-05  -4.5870124022347757e-05  -4.9244575093297350e-05  -5.2058354071459478e-05  -5.4421904388582970e-05  -5.6428928576970500e-05  -5.8159798512535733e-05  -5.9684420829790692e-05  -6.1061822346200444e-05  -6.2340705903218707e-05  -6.3559705544710321e-05  -6.4747284194519787e-05  -6.5923244075506319e-05  -6.7099489535818352e-05  -6.8283982562579595e-05  -6.9488062458960621e-05  -7.0718721965106333e-05  -7.1979551513658062e-05  -7.3271960540000820e-05  -7.4595339092113424e-05  -7.5945792526012013e-05  -7.7319277771136058e-05  -7.8711182659575493e-05  -8.0117459362703304e-05  -8.1533571000184371e-05  -8.2952871998006247e-05  -8.4368078691286630e-05  -8.5770732758011834e-05  -8.7152861380135793e-05  -8.8505918481051639e-05  -8.9824692506549147e-05  -9.1104056780345847e-05  -9.2339700331788612e-05  -9.3528896266764964e-05  -9.4674541472240751e-05  -9.5787908705662674e-05  -9.6867568191240835e-05  -9.7901906478829617e-05  -9.8881613947645114e-05  -9.9800378862737637e-05  -1.0064910376068801e-04  -1.0141245515483094e-04  -1.0206953412134001e-04  -1.0258152688257475e-04  -1.0288467805548261e-04
