   2.4613505994716785e+01   1.9905141369228090e+01   1.2062940431360156e+01   8.2382778555304252e+00   6.0774754346129418e+00   4.7702287269605259e+00   3.9849284786492221e+00   3.5365841749030063e+00   3.2929438396301682e+00   3.1617032926716946e+00   3.0946865804758521e+00   3.0705793948424605e+00   3.0795390372868319e+00   3.1146379856947890e+00   3.1699000024284003e+00   3.2372858291119586e+00   3.3051069675393845e+00   3.3641426742344089e+00   3.4139853631903949e+00   3.4544700274226554e+00   3.4855052093492440e+00   3.5069801551076956e+00   3.5187512564236112e+00   3.5207036676004648e+00   3.5127525697462030e+00   3.4948211691715336e+00   3.4667895128236266e+00   3.4284922685484256e+00   3.3797098374412720e+00   3.3202088970308994e+00   3.2498169459509261e+00   3.1685385758736802e+00   3.0766434714755349e+00   2.9747453791167699e+00   2.8638951611663162e+00   2.7455304776923914e+00   2.6214072612728270e+00   2.4937576940139428e+00   2.3647646260184172e+00   2.2365097112799304e+00   2.1106943370262563e+00   1.9889310829020073e+00   1.8721310034583358e+00   1.7603418118827283e+00   1.6540098338177305e+00   1.5546922810011294e+00   1.4632399651255628e+00   1.3803385005294326e+00   1.3071338740565566e+00   1.2435683095166277e+00   1.1890511225791380e+00   1.1431201095562147e+00   1.1057537800609409e+00   1.0775969163043559e+00   1.0608951843434253e+00
   3.6873589186080409e+01   3.6377787902411839e+01   3.5499883846255933e+01   3.5105637879604849e+01   3.4903661651894645e+01   3.4793323145597270e+01   3.4735429225083365e+01   3.4709801967242043e+01   3.4703872042176172e+01   3.4710362355164584e+01   3.4725760293645742e+01   3.4748101321874955e+01   3.4776124140324583e+01   3.4808879138068491e+01   3.4845552347244450e+01   3.4884345868263033e+01   3.4921906528907328e+01   3.4955558336229977e+01   3.4985459547783819e+01   3.5011822168257865e+01   3.5034857257264093e+01   3.5054737736080149e+01   3.5071587718969099e+01   3.5085529341569810e+01   3.5096685326506936e+01   3.5105201980612968e+01   3.5111234311968062e+01   3.5114930180140817e+01   3.5116428642288817e+01   3.5115858689812903e+01   3.5113343326696587e+01   3.5109008164717906e+01   3.5102992457877740e+01   3.5095459019826293e+01   3.5086603731693934e+01   3.5076652302058314e+01   3.5065852962074402e+01   3.5054488391712269e+01   3.5042827521541270e+01   3.5031118641706001e+01   3.5019564868580325e+01   3.5008349926948569e+01   3.4997583115458909e+01   3.4987286382272508e+01   3.4977512266488866e+01   3.4968469610817543e+01   3.4960277871441434e+01   3.4952997596623270e+01   3.4946709902790111e+01   3.4941377954866120e+01   3.4936915910744347e+01   3.4933248749714245e+01   3.4930337310808127e+01   3.4928193097903780e+01   3.4926942327799004e+01
   1.5294754278850456e-04   6.5119852122859454e-04   1.3428676254955572e-03   1.6419707481612341e-03   1.7908340578048295e-03   1.8709819024991553e-03   1.9176376889040122e-03   1.9475314322119838e-03   1.9680991032905953e-03   1.9827589929173241e-03   1.9927356003449155e-03   1.9977175203143667e-03   1.9971821981604122e-03   1.9906650843802974e-03   1.9777894998628154e-03   1.9588685826864619e-03   1.9357043741781892e-03   1.9104510786006541e-03   1.8844826687756792e-03   1.8588760741885964e-03   1.8344901740581870e-03   1.8120009673887525e-03   1.7919489731563092e-03   1.7747340923415615e-03   1.7606876486299895e-03   1.7500249793358056e-03   1.7428890098630122e-03   1.7393931712684774e-03   1.7396053475124684e-03   1.7435446537858966e-03   1.7511703671690743e-03   1.7623678750254156e-03   1.7769215785273130e-03   1.7944928277586886e-03   1.8146097125463939e-03   1.8366800359385061e-03   1.8600261948339329e-03   1.8839083669381471e-03   1.9076225702884329e-03   1.9305465264950572e-03   1.9521870226145500e-03   1.9721658471522855e-03   1.9902748744799362e-03   2.0064625288978271e-03   2.0206983467412807e-03   2.0326150267582672e-03   2.0420539279515423e-03   2.0491293556508341e-03   2.0540715483104927e-03   2.0572290160811107e-03   2.0589722496751261e-03   2.0596740832160968e-03   2.0597408708139574e-03   2.0596752010295935e-03   2.0602654883075063e-03
                      NaN                      NaN                      NaN                      NaN                      NaN                      NaN                      NaN                      NaN                      NaN                      NaN                      NaN                      NaN                      NaN                      NaN                      NaN                      NaN                      NaN                      NaN                      NaN                      NaN                      NaN                      NaN                      NaN                      NaN                      NaN                      NaN                      NaN                      NaN                      NaN                      NaN                      NaN                      NaN                      NaN                      NaN                      NaN                      NaN                      NaN                      NaN                      NaN                      NaN                      NaN                      NaN                      NaN                      NaN                      NaN                      NaN                      NaN                      NaN                      NaN                      NaN                      NaN                      NaN                      NaN                      NaN                      NaN
   2.0356426846208020e+00   2.0871508717642113e+00   2.1602857464235492e+00   2.1945077935419204e+00   2.2133640004489443e+00   2.2248843652390593e+00   2.2328007813602109e+00   2.2390026258284670e+00   2.2443609723305458e+00   2.2493414798198947e+00   2.2541316752569069e+00   2.2586317089846077e+00   2.2626926559097513e+00   2.2661855157679827e+00   2.2690009110539879e+00   2.2710304206913272e+00   2.2722318604721132e+00   2.2726773812877377e+00   2.2725990452221350e+00   2.2721878000649514e+00   2.2715997800363352e+00   2.2709574971896149e+00   2.2703556403869616e+00   2.2698667507518073e+00   2.2695526848290983e+00   2.2694613306292415e+00   2.2696315052371063e+00   2.2700969389627499e+00   2.2708832598951743e+00   2.2720064126756427e+00   2.2734704511496249e+00   2.2752654713948939e+00   2.2773642408506287e+00   2.2797196938883104e+00   2.2822645383794655e+00   2.2849137646263791e+00   2.2875705362381344e+00   2.2901332281371198e+00   2.2925074513754709e+00   2.2946010499954221e+00   2.2963276975623264e+00   2.2976289591770533e+00   2.2984702200172786e+00   2.2988273016884784e+00   2.2987046644527451e+00   2.2981040429457740e+00   2.2970508201462581e+00   2.2956272325773122e+00   2.2939777450953884e+00   2.2922162885689188e+00   2.2904344849411800e+00   2.2887365857734339e+00   2.2872736005280121e+00   2.2862862592052529e+00   2.2862381610632991e+00
   2.2930128119395560e-02   2.3499906807036640e-02   2.4309085522351458e-02   2.4687927424496513e-02   2.4896904131703007e-02   2.5024713642653462e-02   2.5112567280714111e-02   2.5181369162425166e-02   2.5240798414570477e-02   2.5296048347274201e-02   2.5349215353357091e-02   2.5399199680696385e-02   2.5444350992326784e-02   2.5483238891190699e-02   2.5514649865654330e-02   2.5537374813277783e-02   2.5550928344277454e-02   2.5556093041368615e-02   2.5555438819128584e-02   2.5551080535460621e-02   2.5544747482901180e-02   2.5537796519977143e-02   2.5531276141037923e-02   2.5525989766256571e-02   2.5522622326340186e-02   2.5521704553358945e-02   2.5523667009495883e-02   2.5528883860132988e-02   2.5537639640499731e-02   2.5550111690322001e-02   2.5566345658220829e-02   2.5586232513855976e-02   2.5609471292833901e-02   2.5635541439370451e-02   2.5663698438409661e-02   2.5693001692952612e-02   2.5722379750432463e-02   2.5750708021012599e-02   2.5776942194131236e-02   2.5800060215639693e-02   2.5819101956533211e-02   2.5833416987624803e-02   2.5842619133848090e-02   2.5846437185280229e-02   2.5844919652752929e-02   2.5838091970482306e-02   2.5826240921378259e-02   2.5810283848907916e-02   2.5791831484675336e-02   2.5772151607426234e-02   2.5752262458042435e-02   2.5733323504400166e-02   2.5717016512976799e-02   2.5706025029708177e-02   2.5705519356139725e-02
   2.3937155784108044e-12   2.4198869173434312e-12   2.4417996244186481e-12   2.4443188859858863e-12   2.4425407304010155e-12   2.4402305074452995e-12   2.4385187378309684e-12   2.4376448877493106e-12   2.4375331062774185e-12   2.4380804067674561e-12   2.4392307288695961e-12   2.4409548783371968e-12   2.4432293755188255e-12   2.4460218532399529e-12   2.4492774969683386e-12   2.4527494527313452e-12   2.4559134698818803e-12   2.4583335383135468e-12   2.4600400745356804e-12   2.4610637133423875e-12   2.4614332579402398e-12   2.4611737888004651e-12   2.4603105173903450e-12   2.4588676141325244e-12   2.4568748454478169e-12   2.4543553321924309e-12   2.4513254200383590e-12   2.4478008974426971e-12   2.4437941046545093e-12   2.4393184362046485e-12   2.4343949111465670e-12   2.4290616119799028e-12   2.4233774900825737e-12   2.4174249836233487e-12   2.4113142907668018e-12   2.4051759203899109e-12   2.3991539601383874e-12   2.3934157015190292e-12   2.3881137400719046e-12   2.3833674756326481e-12   2.3792457543616147e-12   2.3758055009539872e-12   2.3730591239051472e-12   2.3709694124898085e-12   2.3695207662525289e-12   2.3687227421083492e-12   2.3685258451215903e-12   2.3688719652247387e-12   2.3697118949974280e-12   2.3709549917845465e-12   2.3725029331710241e-12   2.3742686577188292e-12   2.3761803369773061e-12   2.3781806929212293e-12   2.3802155323318409e-12
   2.4341786962942287e+00   2.4131172966341432e+00   2.3790619087917904e+00   2.3672780878201625e+00   2.3632639084829328e+00   2.3622318419287325e+00   2.3626205356828978e+00   2.3638382295976315e+00   2.3655827105918696e+00   2.3677197530481036e+00   2.3701731211563621e+00   2.3728116303741702e+00   2.3755090464695305e+00   2.3781644030594551e+00   2.3806952040165750e+00   2.3830005667150562e+00   2.3849709543800599e+00   2.3865615856553113e+00   2.3878677271084490e+00   2.3889707412097074e+00   2.3899380437174611e+00   2.3908226364186507e+00   2.3916638219393107e+00   2.3924928820612688e+00   2.3933349632795480e+00   2.3942134442246097e+00   2.3951506076199292e+00   2.3961663164804601e+00   2.3972780417033883e+00   2.3984992558363483e+00   2.3998373562298609e+00   2.4012910578451496e+00   2.4028489753367239e+00   2.4044886986132559e+00   2.4061760174578177e+00   2.4078674112494989e+00   2.4095132809128721e+00   2.4110583934301593e+00   2.4124532290544716e+00   2.4136307299844897e+00   2.4145081812020219e+00   2.4150234294861339e+00   2.4151338900422239e+00   2.4148023217885770e+00   2.4140233607647557e+00   2.4128312581119791e+00   2.4112730305638701e+00   2.4094351996122136e+00   2.4074693547104351e+00   2.4054829216358851e+00   2.4035563835751712e+00   2.4017872275152596e+00   2.4003303741613649e+00   2.3994483989635769e+00   2.3996605426659756e+00
   2.1801625034217254e-01   2.0029901304490808e-01   1.9493507100619556e-01   1.9979268751837201e-01   2.0616966954912885e-01   2.1104360597739799e-01   2.1307797310935719e-01   2.1232810372564406e-01   2.0967387409583496e-01   2.0590630979105742e-01   2.0147061154646842e-01   1.9672293867889318e-01   1.9191713285311646e-01   1.8726423536946404e-01   1.8295632876851625e-01   1.7925423661823062e-01   1.7645643812872489e-01   1.7469565918108459e-01   1.7373676951501099e-01   1.7338332591386657e-01   1.7347382442707629e-01   1.7388228299444958e-01   1.7451160112082217e-01   1.7528735048774532e-01   1.7614438570442098e-01   1.7703363019247292e-01   1.7791779780723807e-01   1.7876593032687185e-01   1.7955738147086514e-01   1.8028185689760381e-01   1.8093907102351212e-01   1.8153688084341324e-01   1.8209238550370596e-01   1.8263247964743831e-01   1.8319156652464016e-01   1.8381115511020776e-01   1.8453619561333726e-01   1.8540284645815847e-01   1.8644326253603868e-01   1.8767866455543505e-01   1.8912274215541319e-01   1.9076980477347982e-01   1.9261388699241982e-01   1.9466030162884188e-01   1.9688930566240989e-01   1.9928174300460211e-01   2.0181448033062721e-01   2.0442318648310004e-01   2.0699642559151885e-01   2.0946209312643768e-01   2.1177172725165602e-01   2.1386881568109170e-01   2.1566437077473519e-01   2.1700982214280423e-01   2.1760325863055716e-01
   8.6390917665022683e-04   6.6943958690926801e-04   3.2228851759918449e-04   1.6157545943298293e-04   7.6556471843000371e-05   2.8686638376776889e-05   2.5262324072782876e-06  -1.0176074817197229e-05  -1.4692596264572611e-05  -1.4155217205219464e-05  -1.0083990087360125e-05  -3.2498184062729295e-06   5.8865308881586879e-06   1.6972498552281048e-05   2.9689860493011487e-05   4.3328010438347089e-05   5.6555688002014344e-05   6.8283022850300221e-05   7.8524247609069745e-05   8.7315154563838535e-05   9.4693461719056051e-05   1.0068728410567350e-04   1.0531300344039471e-04   1.0858912562511349e-04   1.1053626226965308e-04   1.1118039330482606e-04   1.1054586238473816e-04   1.0865183702738389e-04   1.0551157330233878e-04   1.0113528428911045e-04   9.5536584879845146e-05   8.8742844043003619e-05   8.0804026286757338e-05   7.1800617188988959e-05   6.1852420537101795e-05   5.1114150069916447e-05   3.9768753067436436e-05   2.8041300719212144e-05   1.6150216098407421e-05   4.3018718511141249e-06  -7.3349805941573819e-06  -1.8602583855151748e-05  -2.9410574620213863e-05  -3.9750426865162802e-05  -4.9578287758069589e-05  -5.8731857263079402e-05  -6.7120935855796633e-05  -7.4682936755797756e-05  -8.1319047987355936e-05  -8.7043835073615319e-05  -9.1921128110906733e-05  -9.6003185952657090e-05  -9.9302916302531049e-05  -1.0177476989084899e-04  -1.0323477668847526e-04
