   2.4691178925682834e+01   2.1204950063486347e+01   1.5054845233197510e+01   1.1583510299876005e+01   9.4607682390497594e+00   8.0175395583699949e+00   6.9420062703843293e+00   6.0889529041554917e+00   5.3872864448977760e+00   4.8003705628848383e+00   4.3102435011161679e+00   3.9102084878304053e+00   3.5951169731079942e+00   3.3514731011155816e+00   3.1625030053806338e+00   3.0141906189519370e+00   2.8955743384471551e+00   2.7982145631952049e+00   2.7155680973704404e+00   2.6425389239720070e+00   2.5752951192964511e+00   2.5110873038699011e+00   2.4482650549474640e+00   2.3861533255065801e+00   2.3245094724589070e+00   2.2633045376010341e+00   2.2026987799982378e+00   2.1429301324622090e+00   2.0842166630904093e+00   2.0267219574798045e+00   1.9705717381415222e+00   1.9158117692964800e+00   1.8623658370026137e+00   1.8101409746470283e+00   1.7590909047355201e+00   1.7091595651630918e+00   1.6603313591009923e+00   1.6125272353156983e+00   1.5657825435189223e+00   1.5201289769298632e+00   1.4755607968105167e+00   1.4320139743104090e+00   1.3893909676715210e+00   1.3475874565907602e+00   1.3065048061532716e+00   1.2664945327277692e+00   1.2280571699201528e+00   1.1915710901243053e+00   1.1573614179734448e+00   1.1260464533129624e+00   1.0981271616080750e+00   1.0737624002488595e+00   1.0531607393234066e+00   1.0371020596993907e+00   1.0273392773749643e+00
   3.5959932137437931e+01   3.5707719424687085e+01   3.5278026410102314e+01   3.5061901257376299e+01   3.4942029935358093e+01   3.4867900184127777e+01   3.4817179036628616e+01   3.4779671530378856e+01   3.4750474372401364e+01   3.4727169091868383e+01   3.4708776570937516e+01   3.4695303348502414e+01   3.4686949886602072e+01   3.4683339352075343e+01   3.4683790543229037e+01   3.4687659823354466e+01   3.4694404794800860e+01   3.4703572729117248e+01   3.4714768520861654e+01   3.4727616732590285e+01   3.4741698943357555e+01   3.4756516855123124e+01   3.4771535440154750e+01   3.4786401525878041e+01   3.4800833267289384e+01   3.4814546542343059e+01   3.4827320029686454e+01   3.4839014003517917e+01   3.4849570340866286e+01   3.4858995715069355e+01   3.4867337341104005e+01   3.4874672515371685e+01   3.4881100910466778e+01   3.4886722720473344e+01   3.4891628519146728e+01   3.4895904879066578e+01   3.4899629747314130e+01   3.4902880373039181e+01   3.4905719288510937e+01   3.4908204249518576e+01   3.4910390441531412e+01   3.4912326417784364e+01   3.4914026771769628e+01   3.4915499492525825e+01   3.4916747130497860e+01   3.4917770941561386e+01   3.4918576234995925e+01   3.4919178562878123e+01   3.4919599777079171e+01   3.4919863295952176e+01   3.4919998954993808e+01   3.4920039776108503e+01   3.4920017224074257e+01   3.4919963250000272e+01   3.4919914827302328e+01
   1.9587424427406757e-04   8.5637462997370333e-04   1.8408455353622205e-03   2.2775830027902326e-03   2.4788953610401371e-03   2.5814556402634654e-03   2.6358410669157176e-03   2.6609047890503615e-03   2.6650263903248202e-03   2.6531047402432459e-03   2.6300448219003453e-03   2.6021180919078147e-03   2.5752657384859393e-03   2.5529064221231543e-03   2.5361598043885537e-03   2.5249165837527006e-03   2.5185646619258618e-03   2.5162697827921911e-03   2.5170458322762196e-03   2.5197505980333822e-03   2.5231014353688220e-03   2.5256449511442819e-03   2.5259334554602365e-03   2.5235240760082987e-03   2.5187330683627018e-03   2.5117259726800635e-03   2.5027494791594320e-03   2.4921042514327303e-03   2.4800947710891552e-03   2.4670051005870083e-03   2.4530948611685504e-03   2.4385657203371039e-03   2.4235244563164927e-03   2.4080421706210321e-03   2.3921896166168998e-03   2.3760024977222114e-03   2.3595095840057757e-03   2.3426772401372990e-03   2.3255229132433633e-03   2.3080485803888820e-03   2.2902209861254694e-03   2.2719875296341231e-03   2.2534470784773982e-03   2.2347171402376221e-03   2.2159340561161418e-03   2.1974041279906832e-03   2.1794931832261697e-03   2.1624604151603858e-03   2.1465053149184914e-03   2.1319855613540291e-03   2.1191783268702537e-03   2.1081588682294221e-03   2.0990491076474291e-03   2.0923500428273382e-03   2.0892311623092368e-03
                      NaN                      NaN                      NaN                      NaN                      NaN                      NaN                      NaN                      NaN                      NaN                      NaN                      NaN                      NaN                      NaN                      NaN                      NaN                      NaN                      NaN                      NaN                      NaN                      NaN                      NaN                      NaN                      NaN                      NaN                      NaN                      NaN                      NaN                      NaN                      NaN                      NaN                      NaN                      NaN                      NaN                      NaN                      NaN                      NaN                      NaN                      NaN                      NaN                      NaN                      NaN                      NaN                      NaN                      NaN                      NaN                      NaN                      NaN                      NaN                      NaN                      NaN                      NaN                      NaN                      NaN                      NaN                      NaN
   1.9431873778291806e+00   2.0323356736074771e+00   2.1802124279303046e+00   2.2530608679439075e+00   2.2910145306960215e+00   2.3134248309525076e+00   2.3278984975671406e+00   2.3373778312325726e+00   2.3431712267674354e+00   2.3460163963893628e+00   2.3466542967512831e+00   2.3460953500065775e+00   2.3453630295183281e+00   2.3451232617067239e+00   2.3456737565070207e+00   2.3470897886104627e+00   2.3493399270662003e+00   2.3523333320997324e+00   2.3559325972021115e+00   2.3599510772134957e+00   2.3641447179753614e+00   2.3682048099564876e+00   2.3717967595003469e+00   2.3747831013576790e+00   2.3771733154819037e+00   2.3789484062231852e+00   2.3801115527482612e+00   2.3806886147292419e+00   2.3807216111895824e+00   2.3802608278781219e+00   2.3793597410813407e+00   2.3780662044498357e+00   2.3764118562724463e+00   2.3744202462541670e+00   2.3721136133205625e+00   2.3695054625593306e+00   2.3666067707229317e+00   2.3634117152636729e+00   2.3599263715485632e+00   2.3561522036721496e+00   2.3520798896743185e+00   2.3476918867320027e+00   2.3430094339785454e+00   2.3380596919262366e+00   2.3328764387923528e+00   2.3275606171127929e+00   2.3222437414035864e+00   2.3170290873328052e+00   2.3120060226428363e+00   2.3073346938831478e+00   2.3031569218902348e+00   2.2995419401519581e+00   2.2965836304383078e+00   2.2945489382998665e+00   2.2940270171847517e+00
   2.1882913825645077e-02   2.2871770508457144e-02   2.4514111189673345e-02   2.5324286802295294e-02   2.5747111214559418e-02   2.5997201917711418e-02   2.6159025428078804e-02   2.6265294953389418e-02   2.6330565749907942e-02   2.6363040040019856e-02   2.6370936225524905e-02   2.6365446836226519e-02   2.6357913553768802e-02   2.6355733610198946e-02   2.6362231137086696e-02   2.6378262926924158e-02   2.6403498895066754e-02   2.6436946398570520e-02   2.6477093331268985e-02   2.6521878958845304e-02   2.6568602537795985e-02   2.6613843528314630e-02   2.6653891595019505e-02   2.6687221011307351e-02   2.6713934866476066e-02   2.6733820617625418e-02   2.6746911179747451e-02   2.6753491127005407e-02   2.6754025031962350e-02   2.6749069726173625e-02   2.6739217748143043e-02   2.6724999635487759e-02   2.6706766345847555e-02   2.6684778923721977e-02   2.6659283657649146e-02   2.6630429808184343e-02   2.6598338464392270e-02   2.6562944025081435e-02   2.6524312944355723e-02   2.6482460401625163e-02   2.6437281599081160e-02   2.6388580226058066e-02   2.6336591646951124e-02   2.6281617253116531e-02   2.6224032243335856e-02   2.6164959806874027e-02   2.6105863971911839e-02   2.6047894841387056e-02   2.5992048012815995e-02   2.5940107929052211e-02   2.5893655630801499e-02   2.5853463996910356e-02   2.5820580874233209e-02   2.5797983471482162e-02   2.5792242627171100e-02
   2.2590757052781026e-12   2.3173738475268173e-12   2.3995191077385987e-12   2.4323782342521819e-12   2.4450446053240899e-12   2.4489980141170123e-12   2.4486671756067760e-12   2.4458950747707077e-12   2.4415975496044467e-12   2.4363467667741823e-12   2.4306092214019496e-12   2.4247902279687071e-12   2.4191695343762686e-12   2.4138269280532814e-12   2.4087164613330665e-12   2.4037486386749630e-12   2.3988303029485281e-12   2.3938785823443100e-12   2.3888247573138815e-12   2.3836222169535642e-12   2.3782764360688275e-12   2.3728483789476579e-12   2.3674547599673421e-12   2.3621943928517553e-12   2.3571472328511096e-12   2.3524082075907035e-12   2.3480600350141393e-12   2.3441649058825817e-12   2.3407606632924303e-12   2.3378654836405637e-12   2.3354862844788137e-12   2.3336163084272686e-12   2.3322311269757846e-12   2.3313061713497278e-12   2.3308245805774181e-12   2.3307692721015686e-12   2.3311281042797510e-12   2.3318824357700375e-12   2.3330249852630647e-12   2.3345468840204399e-12   2.3364344428989910e-12   2.3386671190873369e-12   2.3412118934019766e-12   2.3440243555383030e-12   2.3470434096494589e-12   2.3502330580366452e-12   2.3535492272601286e-12   2.3569366007229174e-12   2.3603357791048430e-12   2.3636975268480450e-12   2.3669846935371736e-12   2.3701664159197280e-12   2.3732120352014558e-12   2.3760906822714376e-12   2.3787793274404010e-12
   2.3118122265787306e+00   2.3212029000781360e+00   2.3472207457969536e+00   2.3652218924068178e+00   2.3773464882136772e+00   2.3863428308905954e+00   2.3934703505826089e+00   2.3991921581704951e+00   2.4036838452481635e+00   2.4070414772618878e+00   2.4094405469213567e+00   2.4112372911239128e+00   2.4128549087116067e+00   2.4146137375172301e+00   2.4166916456822602e+00   2.4191679752660780e+00   2.4220666906283173e+00   2.4253753848831257e+00   2.4290511275643762e+00   2.4330167373421632e+00   2.4371441700374405e+00   2.4412514862430856e+00   2.4451240647669512e+00   2.4486591170649996e+00   2.4518375113157176e+00   2.4546222380693852e+00   2.4569875132121428e+00   2.4589239338034190e+00   2.4604400182141459e+00   2.4615553408922888e+00   2.4622949014477982e+00   2.4626841865179343e+00   2.4627421680072485e+00   2.4624814412383720e+00   2.4619117839804967e+00   2.4610365749593073e+00   2.4598565392127294e+00   2.4583598069768580e+00   2.4565420136130056e+00   2.4543952397920958e+00   2.4519027501931516e+00   2.4490405269420603e+00   2.4458191711266184e+00   2.4422556825927448e+00   2.4383744462026193e+00   2.4342633291799203e+00   2.4300434671185647e+00   2.4258142580758930e+00   2.4216656250269066e+00   2.4177619700045554e+00   2.4142566616701235e+00   2.4112352480694379e+00   2.4088122033618231e+00   2.4072889645483020e+00   2.4073258239369046e+00
   2.1862521933873338e-01   1.5871863905593714e-01   8.0830180258668394e-02   5.4463423043337109e-02   4.8667263963711002e-02   5.0313616330944694e-02   5.5137515787919360e-02   6.1857955547992859e-02   6.9988542268631493e-02   7.9199412485538787e-02   8.8909348077831740e-02   9.8123086191959030e-02   1.0587073470611628e-01   1.1174431762566538e-01   1.1577990257424188e-01   1.1819010157780532e-01   1.1923502503830043e-01   1.1918233547854294e-01   1.1830532317112509e-01   1.1689176638007444e-01   1.1524732879464898e-01   1.1370603065210101e-01   1.1259281251427944e-01   1.1203337830305209e-01   1.1201272042738254e-01   1.1253564090030541e-01   1.1358097081178939e-01   1.1510614876893606e-01   1.1705845660557951e-01   1.1938174302855149e-01   1.2201944173422841e-01   1.2492361192112282e-01   1.2806482081200332e-01   1.3142029009967740e-01   1.3496649055896040e-01   1.3868721583706978e-01   1.4256717446439679e-01   1.4660560741336950e-01   1.5078955306536060e-01   1.5510982072442298e-01   1.5956605373235858e-01   1.6416503993838158e-01   1.6888858835665280e-01   1.7371550590080595e-01   1.7862103561060469e-01   1.8352682913485258e-01   1.8833408519383779e-01   1.9296802494225468e-01   1.9736632109591129e-01   2.0141897363355968e-01   2.0503439867223869e-01   2.0817623858368425e-01   2.1079466949575007e-01   2.1272966457027584e-01   2.1362472017022249e-01
   5.6307012018428672e-04   4.4820799202254332e-04   2.4814855195394447e-04   1.4557746812216598e-04   8.7817601763945195e-05   5.1103255819774051e-05   2.5084810276467608e-05   5.1721586077824574e-06  -1.0792375959960503e-05  -2.3853423401615041e-05  -3.4477509985895035e-05  -4.2810049472373455e-05  -4.8963168452643787e-05  -5.3271458750614101e-05  -5.6147537750784335e-05  -5.7943367632313288e-05  -5.8941880068458122e-05  -5.9369468739901196e-05  -5.9410204691593511e-05  -5.9215310594166246e-05  -5.8909103971118703e-05  -5.8592780878059403e-05  -5.8334781149221487e-05  -5.8185190248664105e-05  -5.8203840301913736e-05  -5.8429648348902661e-05  -5.8883611704616551e-05  -5.9570313767374334e-05  -6.0482090772032951e-05  -6.1603128687482734e-05  -6.2912695235400117e-05  -6.4389012130438035e-05  -6.6012820636996688e-05  -6.7765824121082804e-05  -6.9629116124221411e-05  -7.1585067729793873e-05  -7.3615356339562342e-05  -7.5705358087587761e-05  -7.7836965468889533e-05  -7.9993325385517580e-05  -8.2160373796976837e-05  -8.4329597106062469e-05  -8.6505718692413591e-05  -8.8695880095731566e-05  -9.0908523154522433e-05  -9.3122176318389258e-05  -9.5304409634293331e-05  -9.7427066681228384e-05  -9.9463121945839880e-05  -1.0136618434067317e-04  -1.0309503441853356e-04  -1.0462900907729644e-04  -1.0594469908872984e-04  -1.0698216762053309e-04  -1.0761797931466031e-04
