   1.0199919409012400e+01   1.0570921053957353e+01   8.7380126943793375e+00   6.8380320225970017e+00   5.6511284966121416e+00   4.9583640939075249e+00   4.5522967167485069e+00   4.3152941903557895e+00   4.1787005778480522e+00   4.1020421328904622e+00   4.0615226553822357e+00   4.0414787241844534e+00   4.0308690846811510e+00   4.0247545058362100e+00   4.0210565790991559e+00   4.0186412611212399e+00   4.0168652886181482e+00   4.0153371918727938e+00   4.0138015674193115e+00   4.0120764707411913e+00   4.0100179321453613e+00   4.0074943875593085e+00   4.0043650150727919e+00   4.0004622257826572e+00   3.9955930016160242e+00   3.9894940510119956e+00   3.9817957751414137e+00   3.9719928522101324e+00   3.9593527656284890e+00   3.9427473522070615e+00   3.9206528839885437e+00   3.8911986935109781e+00   3.8515771189640700e+00   3.7977785032055813e+00   3.7240708086918892e+00   3.6227531268678028e+00   3.4854744153435546e+00   3.3074940066507801e+00   3.0962636922800502e+00   2.8715686579294841e+00   2.6522897605602025e+00   2.4492728036183600e+00   2.2667442491001455e+00   2.1060104863844487e+00   1.9662666111640841e+00   1.8456039157008244e+00   1.7417616520425532e+00   1.6535207689016402e+00   1.5787963571129862e+00   1.5140328201082973e+00   1.4551890695773431e+00   1.4049826992422620e+00   1.3635158393741875e+00   1.3319636686330785e+00   1.3114403466940696e+00
   3.5726759222050028e+01   3.5726508508558538e+01   3.5510741369490781e+01   3.5287497995949145e+01   3.5166444333904863e+01   3.5111805240972522e+01   3.5094262117737415e+01   3.5097411580644447e+01   3.5111783556151451e+01   3.5131666893452064e+01   3.5152371373281689e+01   3.5169770752313120e+01   3.5182131148631846e+01   3.5190822342913940e+01   3.5197195792471334e+01   3.5201999312473525e+01   3.5205686374270897e+01   3.5208546968114462e+01   3.5210775042796080e+01   3.5212507164909510e+01   3.5213839723054889e+01   3.5214841669773683e+01   3.5215561058013797e+01   3.5216027552420663e+01   3.5216253204584909e+01   3.5216237469540097e+01   3.5215963817280773e+01   3.5215396349561274e+01   3.5214472620649317e+01   3.5213087593909982e+01   3.5211089299996495e+01   3.5208290119815807e+01   3.5204409252611100e+01   3.5199043750217683e+01   3.5191616234759280e+01   3.5181351610340421e+01   3.5167413543062423e+01   3.5149341930513430e+01   3.5127922802705527e+01   3.5105188601413190e+01   3.5083062190073754e+01   3.5062636381874242e+01   3.5044326958758589e+01   3.5028252479187337e+01   3.5014319341243407e+01   3.5002324708765521e+01   3.4992036441822023e+01   3.4983326218229180e+01   3.4975980325432097e+01   3.4969642337213457e+01   3.4963912495839608e+01   3.4959050838315484e+01   3.4955059481039363e+01   3.4952040479481091e+01   3.4950086260484056e+01
   3.2011295192896003e-04   4.9867315331720164e-04   1.2120683156887422e-03   1.6248063796965491e-03   1.8086150460255405e-03   1.8791816434627303e-03   1.8908980311730394e-03   1.8689626169598307e-03   1.8252820382745841e-03   1.7664502170111637e-03   1.7018665921690716e-03   1.6443383713727700e-03   1.5988890006445853e-03   1.5633381606421279e-03   1.5349236892759483e-03   1.5118342671254462e-03   1.4928610272834789e-03   1.4771785940187040e-03   1.4641994425545393e-03   1.4534279827277145e-03   1.4444952545151124e-03   1.4371040558419283e-03   1.4310171875443162e-03   1.4260865536139073e-03   1.4223712312362276e-03   1.4198733535224063e-03   1.4185846642536151e-03   1.4185653906909810e-03   1.4199266576413860e-03   1.4228673535456005e-03   1.4280536822191239e-03   1.4362311961471828e-03   1.4482924483383696e-03   1.4654345434674163e-03   1.4892462406793693e-03   1.5217756543818189e-03   1.5650213760421586e-03   1.6194714817072298e-03   1.6817453869977256e-03   1.7452473910555804e-03   1.8044306971296167e-03   1.8566057982503533e-03   1.9011120659607008e-03   1.9381688589117400e-03   1.9684866473858079e-03   1.9929533709884058e-03   2.0124918016684659e-03   2.0278573391228978e-03   2.0398064195082531e-03   2.0490329376922200e-03   2.0560202050624479e-03   2.0610584474908098e-03   2.0646299550805660e-03   2.0673156242222387e-03   2.0696809701906999e-03
                      NaN                      NaN                      NaN                      NaN                      NaN                      NaN                      NaN                      NaN                      NaN                      NaN                      NaN                      NaN                      NaN                      NaN                      NaN                      NaN                      NaN                      NaN                      NaN                      NaN                      NaN                      NaN                      NaN                      NaN                      NaN                      NaN                      NaN                      NaN                      NaN                      NaN                      NaN                      NaN                      NaN                      NaN                      NaN                      NaN                      NaN                      NaN                      NaN                      NaN                      NaN                      NaN                      NaN                      NaN                      NaN                      NaN                      NaN                      NaN                      NaN                      NaN                      NaN                      NaN                      NaN                      NaN                      NaN
   2.0998903284197405e+00   2.1156922784669394e+00   2.1824508703864729e+00   2.2250051976493235e+00   2.2466283384344092e+00   2.2571455502826869e+00   2.2614844525821201e+00   2.2619989397487594e+00   2.2598122536282621e+00   2.2555555029921024e+00   2.2501874426705948e+00   2.2451104183784314e+00   2.2409546918700660e+00   2.2376324514676469e+00   2.2349410258596354e+00   2.2327350957887906e+00   2.2309139917318852e+00   2.2294078995003765e+00   2.2281666459576943e+00   2.2271449066442179e+00   2.2263091433958464e+00   2.2256319490523362e+00   2.2250915457507037e+00   2.2246765071770933e+00   2.2244030663684513e+00   2.2242784840689436e+00   2.2243073878612329e+00   2.2245031391641912e+00   2.2248855553049660e+00   2.2254865468948815e+00   2.2264097602168067e+00   2.2277703155452686e+00   2.2297042025985152e+00   2.2323910217541298e+00   2.2360642681060607e+00   2.2410192902776331e+00   2.2475325123182057e+00   2.2556379726327909e+00   2.2647870042341913e+00   2.2739752948968235e+00   2.2823888096061862e+00   2.2896497957348467e+00   2.2956374307636964e+00   2.3003873745193353e+00   2.3040181959805781e+00   2.3066766516958488e+00   2.3085227359935656e+00   2.3097239813279695e+00   2.3104183044069155e+00   2.3106510909499387e+00   2.3103634025139992e+00   2.3098103377483614e+00   2.3091850495597712e+00   2.3087969345275936e+00   2.3089543015182157e+00
   2.3651448085018845e-02   2.3824866284079246e-02   2.4558942845131212e-02   2.5027880466532672e-02   2.5266541149834100e-02   2.5382825011074157e-02   2.5430959364895884e-02   2.5436873721925636e-02   2.5412957494414756e-02   2.5366178622325368e-02   2.5307111055030931e-02   2.5251217423317297e-02   2.5205459899110817e-02   2.5168877858450095e-02   2.5139239532370270e-02   2.5114945367643610e-02   2.5094887510845848e-02   2.5078297745104113e-02   2.5064624036000092e-02   2.5053367885153149e-02   2.5044160486144093e-02   2.5036700563011261e-02   2.5030748879437889e-02   2.5026180162392098e-02   2.5023173158611751e-02   2.5021808352622025e-02   2.5022137768948450e-02   2.5024310010368041e-02   2.5028545640949949e-02   2.5035199885747192e-02   2.5045417765609326e-02   2.5060471287140850e-02   2.5081864940936983e-02   2.5111586645507493e-02   2.5152222582786939e-02   2.5207044587332951e-02   2.5279116931400787e-02   2.5368823894105708e-02   2.5470100298143568e-02   2.5571832278203369e-02   2.5665007077248881e-02   2.5745437899854885e-02   2.5811773890358096e-02   2.5864400950788482e-02   2.5904627096481996e-02   2.5934075404988630e-02   2.5954516854146934e-02   2.5967808186592896e-02   2.5975478396931664e-02   2.5978028224266737e-02   2.5974798552084000e-02   2.5968627287455037e-02   2.5961662357533884e-02   2.5957346444329375e-02   2.5959111019233542e-02
   2.4548561822038143e-12   2.4606737947204616e-12   2.4826243555978611e-12   2.4935591473675414e-12   2.4989981045927526e-12   2.5024539132267233e-12   2.5051132529577530e-12   2.5073646105418706e-12   2.5091432368832793e-12   2.5102829831711015e-12   2.5107394640796641e-12   2.5106704424905027e-12   2.5100784169009066e-12   2.5092150600291748e-12   2.5082718433164429e-12   2.5073217219133154e-12   2.5063954380815739e-12   2.5055066065789902e-12   2.5046600769789622e-12   2.5038468515659719e-12   2.5030568386369075e-12   2.5022758648551074e-12   2.5014859911453448e-12   2.5006708300228093e-12   2.4998380544950175e-12   2.4989749840282243e-12   2.4980511877640157e-12   2.4970280024169220e-12   2.4958438492838690e-12   2.4943965618171543e-12   2.4926097078154909e-12   2.4904030136052939e-12   2.4876216012712227e-12   2.4840380106400453e-12   2.4793153551995254e-12   2.4730186953470197e-12   2.4647144357529130e-12   2.4542379420308385e-12   2.4422020229353752e-12   2.4299331547586918e-12   2.4186035487893148e-12   2.4088120145710051e-12   2.4006627107585578e-12   2.3941061668611203e-12   2.3889903631711340e-12   2.3851193359284165e-12   2.3823129623601320e-12   2.3804723368271378e-12   2.3794440256200544e-12   2.3789680811717331e-12   2.3787308425873029e-12   2.3788612429951306e-12   2.3793520358458536e-12   2.3802822103212112e-12   2.3816765311090407e-12
   2.3839301613265347e+00   2.3853252042648809e+00   2.3827100155039553e+00   2.3790480013041653e+00   2.3775107661234003e+00   2.3771135734709401e+00   2.3771099938900324e+00   2.3771134410609056e+00   2.3769576502387011e+00   2.3765801328573333e+00   2.3760372986651537e+00   2.3754965568753064e+00   2.3750821919774907e+00   2.3747801692055996e+00   2.3745486700055540e+00   2.3743663209848407e+00   2.3742212508858596e+00   2.3741064014864581e+00   2.3740175272953516e+00   2.3739530017371728e+00   2.3739123652502396e+00   2.3738964335127997e+00   2.3739073633519534e+00   2.3739483957696983e+00   2.3740216126473443e+00   2.3741324374561148e+00   2.3742904042524251e+00   2.3745091948466053e+00   2.3748100762720425e+00   2.3752276856881118e+00   2.3758052614926060e+00   2.3765912295045766e+00   2.3776592108532997e+00   2.3791136710005847e+00   2.3811032828384961e+00   2.3838222706428862e+00   2.3874695798930254e+00   2.3921300660072387e+00   2.3975549105647782e+00   2.4031889589518713e+00   2.4085429972889236e+00   2.4133519542324957e+00   2.4174394940567199e+00   2.4207539277404284e+00   2.4233250559671311e+00   2.4252225710385726e+00   2.4265371321324185e+00   2.4273789467606837e+00   2.4278434519858423e+00   2.4279481698958221e+00   2.4276167608040047e+00   2.4270869439492069e+00   2.4265367611095341e+00   2.4262660898828576e+00   2.4265815246421365e+00
   2.7779231789027109e-01   2.6004975696539268e-01   2.0573315981850329e-01   1.7777065372490111e-01   1.6622989934952989e-01   1.6183052570836270e-01   1.6109961365667924e-01   1.6264500986935354e-01   1.6602808511607264e-01   1.7107144678772154e-01   1.7704451087572654e-01   1.8260994815534107e-01   1.8723739958746868e-01   1.9100688216201106e-01   1.9410173300951863e-01   1.9666793422851925e-01   1.9881097926590369e-01   2.0060592952007961e-01   2.0210810898838516e-01   2.0337053164825664e-01   2.0443361546379454e-01   2.0533215277662206e-01   2.0609598918465252e-01   2.0674401823596222e-01   2.0726076938201443e-01   2.0764632426724894e-01   2.0790954586993010e-01   2.0805442612871056e-01   2.0808728046019137e-01   2.0801735656661705e-01   2.0777926823874743e-01   2.0730543063032977e-01   2.0654112500574598e-01   2.0542604775546427e-01   2.0390246206669030e-01   2.0191216259337230e-01   1.9943930477193900e-01   1.9661023801142136e-01   1.9377043219201859e-01   1.9134001094023226e-01   1.8956534050774435e-01   1.8848590477647301e-01   1.8803861590810383e-01   1.8811497626519391e-01   1.8860572095769709e-01   1.8941829664126533e-01   1.9046557752936508e-01   1.9163845369657129e-01   1.9287604671762926e-01   1.9421838342972481e-01   1.9578721330875565e-01   1.9735075338625696e-01   1.9877954177678389e-01   1.9985138262623947e-01   2.0035120517113042e-01
   4.0264053933065978e-04   4.0026428732816967e-04   3.0804731265371649e-04   2.1582371198958678e-04   1.6535143216839720e-04   1.4170516210225200e-04   1.3305141899035380e-04   1.3283453608926897e-04   1.3727370708557161e-04   1.4408765346072563e-04   1.5143319543708660e-04   1.5769474872029166e-04   1.6215377168832211e-04   1.6527999282348963e-04   1.6755842240319228e-04   1.6925666122961626e-04   1.7053641186274369e-04   1.7150034381534007e-04   1.7221623788070073e-04   1.7273065984426428e-04   1.7307495889373327e-04   1.7326945583001841e-04   1.7332519755747781e-04   1.7324429226299820e-04   1.7302065068866643e-04   1.7263918973276708e-04   1.7207264308942300e-04   1.7127875280697122e-04   1.7019236433958031e-04   1.6870982896257855e-04   1.6668772039489505e-04   1.6394942061734877e-04   1.6022984451768727e-04   1.5514962388769114e-04   1.4816583252289751e-04   1.3854905153700792e-04   1.2550935138984153e-04   1.0860239136130105e-04   8.8544284279074847e-05   6.7221138437867275e-05   4.6428247575388525e-05   2.7193678103893124e-05   9.9153124931496843e-06  -5.2865751242685928e-06  -1.8491679913969245e-05  -2.9883784269099633e-05  -3.9678345784649817e-05  -4.7992402733002258e-05  -5.5024559303698055e-05  -6.1111312693653039e-05  -6.6633629100392518e-05  -7.1337729746544576e-05  -7.5216209732854015e-05  -7.8162256034832497e-05  -8.0075839057516183e-05
