   1.0088964367766557e+01   1.0752283862737135e+01   9.0449062578602355e+00   7.7144221972100455e+00   6.7917557402713893e+00   6.1678661623952102e+00   5.6814943762239443e+00   5.2594728439413787e+00   4.8872014413668916e+00   4.5632035900868191e+00   4.2837218462019742e+00   4.0419324506250742e+00   3.8303870608228592e+00   3.6432059740474210e+00   3.4755875302768202e+00   3.3240297645420953e+00   3.1858965007520070e+00   3.0588188339835507e+00   2.9408913092702571e+00   2.8305993663196900e+00   2.7267464524780149e+00   2.6284567084770658e+00   2.5350422655648042e+00   2.4460300572032501e+00   2.3610991070245833e+00   2.2799792135917141e+00   2.2024286381552676e+00   2.1283085379404332e+00   2.0574151707233579e+00   1.9896968276538707e+00   1.9250739884291241e+00   1.8635931093928466e+00   1.8052455658452708e+00   1.7499756441198924e+00   1.6976073429887584e+00   1.6480697514790192e+00   1.6014216332060638e+00   1.5574931472670808e+00   1.5161476783282370e+00   1.4775303606867320e+00   1.4415691857343218e+00   1.4083077908593731e+00   1.3778254376314965e+00   1.3500255972070669e+00   1.3248441780711089e+00   1.3021630089222469e+00   1.2818580283401180e+00   1.2637585197537167e+00   1.2476929066749374e+00   1.2335306548085776e+00   1.2212259933514729e+00   1.2107449033842146e+00   1.2022002298457548e+00   1.1958544959788473e+00   1.1921929054002018e+00
   3.3738763568916760e+01   3.3959751927682170e+01   3.4127629488177355e+01   3.4216971682095469e+01   3.4288208908550402e+01   3.4366868985653781e+01   3.4448398280376246e+01   3.4521125673123422e+01   3.4579397067963413e+01   3.4624161777725043e+01   3.4658386982867235e+01   3.4684806622739330e+01   3.4705459291115901e+01   3.4722021745784204e+01   3.4735753644959701e+01   3.4747525442384791e+01   3.4757929540587803e+01   3.4767387422926802e+01   3.4776181935964615e+01   3.4784498283154548e+01   3.4792454410034068e+01   3.4800117785200690e+01   3.4807526897573325e+01   3.4814696555641106e+01   3.4821627247315178e+01   3.4828316320595249e+01   3.4834761800275473e+01   3.4840954378654985e+01   3.4846891933804152e+01   3.4852561930427122e+01   3.4857956789192407e+01   3.4863061279742425e+01   3.4867867785744544e+01   3.4872375528107497e+01   3.4876596127236027e+01   3.4880534830355927e+01   3.4884188684485039e+01   3.4887574417428915e+01   3.4890707076678147e+01   3.4893581299884033e+01   3.4896209099058964e+01   3.4898594542059442e+01   3.4900739778584921e+01   3.4902659643049290e+01   3.4904366564607280e+01   3.4905876403242274e+01   3.4907204768456282e+01   3.4908367806784753e+01   3.4909380437658193e+01   3.4910254746700048e+01   3.4910997747803805e+01   3.4911616260779226e+01   3.4912109173050020e+01   3.4912467760669443e+01   3.4912671444269833e+01
   1.6371671554926473e-04   4.4025303008274965e-04   1.0893100271950537e-03   1.5697163484317677e-03   1.9508449966552778e-03   2.2859828362178929e-03   2.5751547142837611e-03   2.8000293211608300e-03   2.9574321324144304e-03   3.0589560234362129e-03   3.1191246530008622e-03   3.1503282677715870e-03   3.1621346681565700e-03   3.1610513656671647e-03   3.1513360590962811e-03   3.1358545881240560e-03   3.1165221192877707e-03   3.0944602608355938e-03   3.0703598679800515e-03   3.0446408799590669e-03   3.0175548259683362e-03   2.9893063720583986e-03   2.9600324930518611e-03   2.9298894253729536e-03   2.8990473544708135e-03   2.8676554873346967e-03   2.8359020520988534e-03   2.8039998574263987e-03   2.7720524107648498e-03   2.7402536401793971e-03   2.7087464109837350e-03   2.6777603643385627e-03   2.6474561757223883e-03   2.6179329999614230e-03   2.5891647473647323e-03   2.5612041978945537e-03   2.5342122256410229e-03   2.5081351895097593e-03   2.4829430560374516e-03   2.4588664611995777e-03   2.4359323879184170e-03   2.4142758330544462e-03   2.3940694339788164e-03   2.3753171746561121e-03   2.3580485434802796e-03   2.3422289572032303e-03   2.3278181756005416e-03   2.3147701657024291e-03   2.3030506908122755e-03   2.2926620262495451e-03   2.2836904908206499e-03   2.2762243345913593e-03   2.2705098874733478e-03   2.2669666492106102e-03   2.2662331559638945e-03
                      NaN                      NaN                      NaN                      NaN                      NaN                      NaN                      NaN                      NaN                      NaN                      NaN                      NaN                      NaN                      NaN                      NaN                      NaN                      NaN                      NaN                      NaN                      NaN                      NaN                      NaN                      NaN                      NaN                      NaN                      NaN                      NaN                      NaN                      NaN                      NaN                      NaN                      NaN                      NaN                      NaN                      NaN                      NaN                      NaN                      NaN                      NaN                      NaN                      NaN                      NaN                      NaN                      NaN                      NaN                      NaN                      NaN                      NaN                      NaN                      NaN                      NaN                      NaN                      NaN                      NaN                      NaN                      NaN
   1.9512706150846844e+00   1.9889621158348023e+00   2.0813180333170886e+00   2.1535053647704330e+00   2.2131034852117701e+00   2.2673711100898641e+00   2.3163322493203258e+00   2.3567049096127923e+00   2.3872315759865539e+00   2.4091573524245278e+00   2.4244381768120422e+00   2.4348713620151492e+00   2.4418969224441995e+00   2.4465434917577231e+00   2.4495150192445827e+00   2.4512945401877251e+00   2.4522108077148106e+00   2.4524688428779013e+00   2.4521989666652004e+00   2.4514820325591513e+00   2.4503666169782465e+00   2.4488885667131006e+00   2.4470703483680141e+00   2.4449350680597011e+00   2.4425071741289806e+00   2.4398077361504953e+00   2.4368624827528853e+00   2.4337017432311856e+00   2.4303397662510999e+00   2.4268068396342710e+00   2.4231268489223594e+00   2.4193406300692644e+00   2.4154799221516323e+00   2.4115678441037893e+00   2.4076062937867970e+00   2.4036124398889140e+00   2.3996254539939481e+00   2.3956442241684375e+00   2.3916713046188143e+00   2.3877622578700102e+00   2.3839327971544586e+00   2.3802222730078317e+00   2.3766802535485745e+00   2.3733209714938890e+00   2.3701655735048535e+00   2.3672225091010257e+00   2.3644993022804428e+00   2.3620011233345592e+00   2.3597360341057274e+00   2.3577220174953930e+00   2.3560000994071686e+00   2.3546139534264308e+00   2.3536512936298348e+00   2.3532491928009511e+00   2.3535981243422404e+00
   2.1976716420035770e-02   2.2393528504710103e-02   2.3416291899801919e-02   2.4216340356179995e-02   2.4877191930340204e-02   2.5479271789706732e-02   2.6022890970034556e-02   2.6471558700655755e-02   2.6811167590673243e-02   2.7055420119317445e-02   2.7225953003402685e-02   2.7342669055598040e-02   2.7421514964870192e-02   2.7473896805378376e-02   2.7507629338227670e-02   2.7528077393394069e-02   2.7538894412147637e-02   2.7542363463879518e-02   2.7539938002639978e-02   2.7532521558813319e-02   2.7520658497566877e-02   2.7504750258669754e-02   2.7485049209614712e-02   2.7461813529361612e-02   2.7435315467400946e-02   2.7405789513734503e-02   2.7373520506887045e-02   2.7338843865566037e-02   2.7301917759204052e-02   2.7263077253986797e-02   2.7222586920507778e-02   2.7180898543032666e-02   2.7138363785377265e-02   2.7095239353340732e-02   2.7051547691031859e-02   2.7007479977143388e-02   2.6963470655102878e-02   2.6919508912216603e-02   2.6875624181629469e-02   2.6832432015760473e-02   2.6790107340406103e-02   2.6749086637774342e-02   2.6709919625010028e-02   2.6672765040064123e-02   2.6637858399733028e-02   2.6605295101464543e-02   2.6575160362409551e-02   2.6547512837244699e-02   2.6522443065496306e-02   2.6500151608129532e-02   2.6481094579040191e-02   2.6465757667790767e-02   2.6455114916837299e-02   2.6450687585194112e-02   2.6454588236191161e-02
   2.2932348157689777e-12   2.3119281384159446e-12   2.3569900413235992e-12   2.3866198799135111e-12   2.4061002537920227e-12   2.4193857525360160e-12   2.4273870388395113e-12   2.4305234468734443e-12   2.4298893103469012e-12   2.4267032588486685e-12   2.4219252418136278e-12   2.4162094188771666e-12   2.4099602927202433e-12   2.4034106693510299e-12   2.3966835948431892e-12   2.3898823958813515e-12   2.3830969117590312e-12   2.3763685142120278e-12   2.3697314525648975e-12   2.3632181348801536e-12   2.3568604070326750e-12   2.3507012118559518e-12   2.3447792043358218e-12   2.3391401817999087e-12   2.3338311709912071e-12   2.3288857555599213e-12   2.3243219308069584e-12   2.3201618454785673e-12   2.3164061234765462e-12   2.3130724643807754e-12   2.3101675005245212e-12   2.3077121029532788e-12   2.3057135495488876e-12   2.3041677218686740e-12   2.3030497930015442e-12   2.3023457208456519e-12   2.3020549347876419e-12   2.3021455935848199e-12   2.3025870139488728e-12   2.3033766833751903e-12   2.3044887764300249e-12   2.3059069986290666e-12   2.3076177310278268e-12   2.3095947393172621e-12   2.3118162244029610e-12   2.3142612383208893e-12   2.3169120084630606e-12   2.3197331860637031e-12   2.3226792270912042e-12   2.3257018247269544e-12   2.3287483387574199e-12   2.3317603825255264e-12   2.3346652255074461e-12   2.3373667174764703e-12   2.3396922281663918e-12
   2.1969645160870805e+00   2.2171512797771546e+00   2.2509874788464224e+00   2.2785710106279700e+00   2.3036262767963009e+00   2.3293071522381603e+00   2.3550742538362353e+00   2.3784232179177347e+00   2.3978103752662645e+00   2.4132894580172217e+00   2.4255202648624814e+00   2.4352214635830767e+00   2.4429868951975795e+00   2.4493054002912862e+00   2.4545476042271899e+00   2.4589766119958552e+00   2.4627782208343438e+00   2.4660840041486192e+00   2.4689834466964755e+00   2.4715359272652400e+00   2.4737798108040052e+00   2.4757402728517026e+00   2.4774333564553754e+00   2.4788709264598014e+00   2.4800630486237285e+00   2.4810177806242555e+00   2.4817414855181719e+00   2.4822417315408134e+00   2.4825222884709026e+00   2.4825923503458966e+00   2.4824603843409307e+00   2.4821420747374874e+00   2.4816520576074383e+00   2.4810034630981161e+00   2.4802021541282211e+00   2.4792608789467780e+00   2.4782030189953783e+00   2.4770344517963574e+00   2.4757614899079861e+00   2.4744160410335834e+00   2.4730115054874648e+00   2.4715741568746319e+00   2.4701372699552699e+00   2.4687159586393324e+00   2.4673308815186190e+00   2.4659982539738992e+00   2.4647345450028060e+00   2.4635533196541344e+00   2.4624698098614468e+00   2.4615064147296453e+00   2.4607020127388042e+00   2.4600989140142424e+00   2.4597706133699568e+00   2.4598253682624387e+00   2.4604033480356677e+00
   2.8363202463122383e-01   2.5473186663687930e-01   1.9021328837709875e-01   1.4291210122168291e-01   1.0483359167875110e-01   7.0969483414907428e-02   4.2675008283297663e-02   2.2365105709418923e-02   1.0095808784703770e-02   4.2561460302786708e-03   3.0005844889156325e-03   2.9987338584274840e-03   3.0039366500892329e-03   3.3312628733418873e-03   4.9739376438405619e-03   7.5184221499825440e-03   1.0687416209394672e-02   1.4314668962254187e-02   1.8296844544193728e-02   2.2572521927414588e-02   2.7107258083138790e-02   3.1872956799278020e-02   3.6852541075152276e-02   4.2024164443338140e-02   4.7362276102006232e-02   5.2844814440983247e-02   5.8443474583317070e-02   6.4123808389652592e-02   6.9870979428374294e-02   7.5651081720677776e-02   8.1438704385157143e-02   8.7189653348268836e-02   9.2871794279191774e-02   9.8463979138782659e-02   1.0396959131089221e-01   1.0937535917245336e-01   1.1464478273490722e-01   1.1978536075753335e-01   1.2479974599696082e-01   1.2963497747061511e-01   1.3428066822674606e-01   1.3870280613472519e-01   1.4285842628085235e-01   1.4674087557669110e-01   1.5033778868666106e-01   1.5365098760895554e-01   1.5668379595647183e-01   1.5944175715039355e-01   1.6192798447115117e-01   1.6413696771413577e-01   1.6604320319801869e-01   1.6761986242634203e-01   1.6880200095278655e-01   1.6948219489567701e-01   1.6950201910430879e-01
  -3.9651321948799779e-04  -3.0849990327880126e-04  -2.5409742433648414e-04  -2.2898110729377422e-04  -2.0831511283742765e-04  -1.8295240824779791e-04  -1.5580698016965923e-04  -1.3186142873459789e-04  -1.1331373684022705e-04  -9.9738081846700220e-05  -8.9978310328396970e-05  -8.3031913944446286e-05  -7.8210280432754192e-05  -7.4933635991841814e-05  -7.2764783742865376e-05  -7.1395359244831043e-05  -7.0608672528425526e-05  -7.0250850923440881e-05  -7.0214677794213485e-05  -7.0424995700191164e-05  -7.0828419030393168e-05  -7.1386005985646410e-05  -7.2068711578944018e-05  -7.2853847399411819e-05  -7.3722991321143917e-05  -7.4661967134080891e-05  -7.5662140576623742e-05  -7.6715201130133517e-05  -7.7814675059632255e-05  -7.8952444719426458e-05  -8.0121194294083048e-05  -8.1311420964104986e-05  -8.2514460631475796e-05  -8.3722533747275391e-05  -8.4930710859850233e-05  -8.6132130128200568e-05  -8.7316922785374808e-05  -8.8481227461299682e-05  -8.9621042117789645e-05  -9.0725030502676878e-05  -9.1788099092753259e-05  -9.2802149613341054e-05  -9.3758192679156680e-05  -9.4653060154732015e-05  -9.5483060907688500e-05  -9.6246767424386259e-05  -9.6943620195411273e-05  -9.7576301533747558e-05  -9.8148371224756931e-05  -9.8662173809817584e-05  -9.9117000622770790e-05  -9.9511548629383775e-05  -9.9838721031712881e-05  -1.0008528527213494e-04  -1.0022908846869417e-04
