   1.1444152106853918e+01   9.6536609410538077e+00   8.2158852570345005e+00   6.4011660549494183e+00   4.4901984362856675e+00   2.9617921365738491e+00   2.0840055051989403e+00   1.9211695245640286e+00   2.1414870538556370e+00   2.3181710857687867e+00   2.3729944958081495e+00   2.3530483266855367e+00   2.3394044692181470e+00   2.3479781223946530e+00   2.3727027965498713e+00   2.4101926971420848e+00   2.4597041213026207e+00   2.5216122240640195e+00   2.5872704850524091e+00   2.6517172600478935e+00   2.7131753445681790e+00   2.7666648904338165e+00   2.8045190435235305e+00   2.8237462752015898e+00   2.8247057570007534e+00   2.8094459007311605e+00   2.7804368096276941e+00   2.7399242861662692e+00   2.6896531842674496e+00   2.6310446365671294e+00   2.5653506215659014e+00   2.4935698964568691e+00   2.4165020510891240e+00   2.3349343179467361e+00   2.2497015941028793e+00   2.1616331465606540e+00   2.0715470063263379e+00   1.9802360631365468e+00   1.8881539529184252e+00   1.7956444329485850e+00   1.7036786676847886e+00   1.6129016689391367e+00   1.5240593550959241e+00   1.4384763763088853e+00   1.3581967886148869e+00   1.2839075874976134e+00   1.2175869389392282e+00   1.1604210189942847e+00   1.1128593485592935e+00   1.0743454425127028e+00   1.0432150701495784e+00   1.0182206750430576e+00   9.9835133099791673e-01   9.8203842220581150e-01   9.7238482126092596e-01
   3.4682936248358686e+01   3.4707179233044748e+01   3.4730879046672200e+01   3.4676601400635597e+01   3.4582916638731881e+01   3.4501218362066311e+01   3.4464277147124008e+01   3.4473574979023581e+01   3.4499474041584421e+01   3.4519900393158444e+01   3.4537351629736015e+01   3.4552697347335567e+01   3.4569840470425483e+01   3.4589165316653947e+01   3.4610502295864066e+01   3.4634114663961036e+01   3.4660829153587962e+01   3.4691675995701175e+01   3.4724708732739806e+01   3.4759373928987792e+01   3.4796812820672947e+01   3.4836199346250766e+01   3.4873491796475250e+01   3.4906250238772294e+01   3.4933402583544272e+01   3.4954879954248156e+01   3.4971168678822075e+01   3.4982979277314790e+01   3.4991046519900614e+01   3.4996028513054611e+01   3.4998497235792058e+01   3.4998934286391439e+01   3.4997730685880157e+01   3.4995210083041187e+01   3.4991650707629994e+01   3.4987294541129366e+01   3.4982353641302126e+01   3.4977013724161097e+01   3.4971413037651430e+01   3.4965661686307122e+01   3.4959902142848051e+01   3.4954248407691949e+01   3.4948818253529780e+01   3.4943768768935648e+01   3.4939310084171012e+01   3.4935387505875347e+01   3.4932008967403391e+01   3.4929171688843020e+01   3.4926856641711602e+01   3.4925009406672629e+01   3.4923532883802309e+01   3.4922357460432508e+01   3.4921429023166112e+01   3.4920671036863190e+01   3.4920224533106506e+01
   7.3085513134864234e-04   8.5967652926269408e-04   1.2290132221403117e-03   1.4752909479713520e-03   1.6153429030049665e-03   1.6786092522504330e-03   1.7127230486246843e-03   1.7515313891710898e-03   1.7893663804345603e-03   1.8216603547923315e-03   1.8585655695473244e-03   1.8918883402432539e-03   1.9212798860141814e-03   1.9462837657839263e-03   1.9668118189475614e-03   1.9829131416663581e-03   1.9946056056102282e-03   2.0017464258381707e-03   2.0050710533089221e-03   2.0057520443720125e-03   2.0050975356476555e-03   2.0043589548875821e-03   2.0041572080492583e-03   2.0046361821273655e-03   2.0056350403806983e-03   2.0070499384964957e-03   2.0089695116741338e-03   2.0116079626494266e-03   2.0151899750935906e-03   2.0198846648582739e-03   2.0257363968132140e-03   2.0326596574899345e-03   2.0404836234620906e-03   2.0489723429979643e-03   2.0578315731897769e-03   2.0667259736823372e-03   2.0753023907683992e-03   2.0832129626822851e-03   2.0901497102286991e-03   2.0958453037016058e-03   2.1000534694005186e-03   2.1025399623667818e-03   2.1030737971907687e-03   2.1014408140630453e-03   2.0974515105613508e-03   2.0917535931699082e-03   2.0852277422860632e-03   2.0785651329035875e-03   2.0722976104219203e-03   2.0667237815810025e-03   2.0618077459479581e-03   2.0575272367317713e-03   2.0538688064187204e-03   2.0505371976641379e-03   2.0491432023981423e-03
                      NaN                      NaN                      NaN                      NaN                      NaN                      NaN                      NaN                      NaN                      NaN                      NaN                      NaN                      NaN                      NaN                      NaN                      NaN                      NaN                      NaN                      NaN                      NaN                      NaN                      NaN                      NaN                      NaN                      NaN                      NaN                      NaN                      NaN                      NaN                      NaN                      NaN                      NaN                      NaN                      NaN                      NaN                      NaN                      NaN                      NaN                      NaN                      NaN                      NaN                      NaN                      NaN                      NaN                      NaN                      NaN                      NaN                      NaN                      NaN                      NaN                      NaN                      NaN                      NaN                      NaN                      NaN                      NaN
   2.0554228951632965e+00   2.0710691219552344e+00   2.1193102754098061e+00   2.1537939108887625e+00   2.1747934621182892e+00   2.1851315487931808e+00   2.1911921336519140e+00   2.1980938708956246e+00   2.2048622790561914e+00   2.2109244179185046e+00   2.2184740370433436e+00   2.2259051303505637e+00   2.2329778509596139e+00   2.2395373107119041e+00   2.2455780008685209e+00   2.2511537015082008e+00   2.2563680194620397e+00   2.2613243305911532e+00   2.2659719434543839e+00   2.2704843059104634e+00   2.2752650167039978e+00   2.2804424572922239e+00   2.2855842151522694e+00   2.2903529341428377e+00   2.2945255819455208e+00   2.2980268761448581e+00   2.3009005418918438e+00   2.3032539036459481e+00   2.3052090572698938e+00   2.3068723546020151e+00   2.3083189156150823e+00   2.3095906511152515e+00   2.3107021444097877e+00   2.3116460726519636e+00   2.3123982118081523e+00   2.3129180434984877e+00   2.3131530777859965e+00   2.3130501987225727e+00   2.3125553209085496e+00   2.3116181624657330e+00   2.3102121898830350e+00   2.3083093186691901e+00   2.3058908553606381e+00   2.3029700992605222e+00   2.2996043626842355e+00   2.2959650060602321e+00   2.2923240859778087e+00   2.2888946217961035e+00   2.2858344334146259e+00   2.2832125217345656e+00   2.2809725097870910e+00   2.2790764061582949e+00   2.2774962703381618e+00   2.2761020079102985e+00   2.2755084394920844e+00
   2.3152692999599819e-02   2.3324327130617474e-02   2.3855222396275143e-02   2.4236198320773294e-02   2.4469337044395995e-02   2.4584784165031036e-02   2.4652420098592392e-02   2.4728727405106767e-02   2.4803313586560464e-02   2.4870192118889491e-02   2.4953684839087650e-02   2.5035975538594574e-02   2.5114325883304110e-02   2.5187005468222830e-02   2.5253959604146486e-02   2.5315789702580516e-02   2.5373650161916918e-02   2.5428693313935741e-02   2.5480345976383770e-02   2.5530524615208515e-02   2.5583705290321019e-02   2.5641304230230321e-02   2.5698506663884055e-02   2.5751557838059796e-02   2.5797976439827237e-02   2.5836924358145549e-02   2.5868885858564249e-02   2.5895051928759044e-02   2.5916778503946220e-02   2.5935246663448493e-02   2.5951291126592516e-02   2.5965378986009299e-02   2.5977674370801642e-02   2.5988098030704211e-02   2.5996383076451066e-02   2.6002081246157032e-02   2.6004610630056463e-02   2.6003382540682136e-02   2.5997797644090284e-02   2.5987298645047150e-02   2.5971592134537529e-02   2.5950368367917184e-02   2.5923422837715440e-02   2.5890907903988278e-02   2.5853466911885115e-02   2.5813001271615302e-02   2.5772529869281441e-02   2.5734416539609825e-02   2.5700411891520867e-02   2.5671280198748429e-02   2.5646394435632654e-02   2.5625331968085838e-02   2.5607781566723296e-02   2.5592299270972826e-02   2.5585703396569019e-02
   2.4314934878092106e-12   2.4286931677478116e-12   2.4227328100211365e-12   2.4171245824621978e-12   2.4112968128613053e-12   2.4067334542202094e-12   2.4047948414566386e-12   2.4052396332125239e-12   2.4063444052996421e-12   2.4070012795925383e-12   2.4071235535527205e-12   2.4069059126308766e-12   2.4066806630335888e-12   2.4065727883722554e-12   2.4066493749543105e-12   2.4070026630062831e-12   2.4077779074974508e-12   2.4090996361544063e-12   2.4105211459888077e-12   2.4116877816908278e-12   2.4122926546357656e-12   2.4120177464419912e-12   2.4107490328734502e-12   2.4085914847213178e-12   2.4057595625619366e-12   2.4024628035356384e-12   2.3988620310761417e-12   2.3950667761271143e-12   2.3911406327565168e-12   2.3871397404899939e-12   2.3831248584237489e-12   2.3791475658301102e-12   2.3752556617889947e-12   2.3715076376144164e-12   2.3679743161868116e-12   2.3647273436603051e-12   2.3618362552110491e-12   2.3593733303182965e-12   2.3573918025560210e-12   2.3559398877608948e-12   2.3550932407591870e-12   2.3549000570047290e-12   2.3553971391337865e-12   2.3566152049250045e-12   2.3585688464305709e-12   2.3610890415579512e-12   2.3638910646801461e-12   2.3667504224761940e-12   2.3695183712675152e-12   2.3721232556527755e-12   2.3745543392190856e-12   2.3768126106388737e-12   2.3788991859833525e-12   2.3807753226972479e-12   2.3822928659589304e-12
   2.3032304707127698e+00   2.3075650469614835e+00   2.3205536714033133e+00   2.3297773365625218e+00   2.3354001778258953e+00   2.3382352558096695e+00   2.3401690065940399e+00   2.3428103334843513e+00   2.3455786076088034e+00   2.3481560943369493e+00   2.3515467867307396e+00   2.3550939899250998e+00   2.3586609348850534e+00   2.3621489866527758e+00   2.3655440887231256e+00   2.3688705885020944e+00   2.3721913550150555e+00   2.3755832175737610e+00   2.3789911471659688e+00   2.3825119383028639e+00   2.3864234755761884e+00   2.3907859230873973e+00   2.3952175935028728e+00   2.3994141044231458e+00   2.4031685570880832e+00   2.4063947764211595e+00   2.4091007234684239e+00   2.4113472363229516e+00   2.4132150734115814e+00   2.4147758721794794e+00   2.4160826203240711e+00   2.4171720694129131e+00   2.4180647420065728e+00   2.4187645140270448e+00   2.4192631480342803e+00   2.4195366678657209e+00   2.4195464223300469e+00   2.4192544752801690e+00   2.4186228909339134e+00   2.4176149942485603e+00   2.4162128956130795e+00   2.4144025470703836e+00   2.4121827955240445e+00   2.4095869942063679e+00   2.4066966909794054e+00   2.4036369251314924e+00   2.4006109594219520e+00   2.3977809885466863e+00   2.3952667535750707e+00   2.3931180837376207e+00   2.3912877055292232e+00   2.3897443285194795e+00   2.3884641140998175e+00   2.3873454213457719e+00   2.3868724265682868e+00
   2.7959141003621846e-01   2.7590100546235063e-01   2.5126068985550298e-01   2.4842927936011364e-01   2.6274196334873479e-01   2.8047603572016105e-01   2.8859002498697434e-01   2.8240213037661377e-01   2.7078797531892862e-01   2.6135916609257376e-01   2.5275657982994321e-01   2.4560410648744538e-01   2.3867137107488337e-01   2.3186512223532221e-01   2.2529922424823606e-01   2.1897398456913011e-01   2.1278437305130460e-01   2.0660855855647875e-01   2.0070470584135652e-01   1.9503602010862783e-01   1.8928427442608761e-01   1.8345660872752359e-01   1.7811802723764125e-01   1.7362134891185121e-01   1.7013097951951733e-01   1.6764164865411899e-01   1.6603639011530180e-01   1.6515197981326288e-01   1.6483006086199284e-01   1.6493532487443113e-01   1.6536567671909938e-01   1.6605818593184019e-01   1.6698046666721578e-01   1.6811891672644699e-01   1.6947346869188154e-01   1.7105554445379606e-01   1.7288330073918670e-01   1.7497730721191326e-01   1.7736792956541514e-01   1.8008465401456974e-01   1.8312463732398218e-01   1.8649725507160606e-01   1.9020599094874380e-01   1.9422255762515012e-01   1.9847716402426188e-01   2.0282073074606155e-01   2.0699811293177833e-01   2.1081985295003516e-01   2.1415541429139673e-01   2.1696400262940313e-01   2.1932510336915362e-01   2.2129559767529372e-01   2.2291903542220351e-01   2.2432953623406562e-01   2.2499824974004240e-01
   7.8672220850139522e-05   7.7367337415845054e-05   5.6605794268195747e-05   1.3144398500240720e-05  -3.9821905496677013e-05  -8.1993026693870109e-05  -1.0171109041336666e-04  -1.0042604078036195e-04  -9.1388445185163419e-05  -8.4683099833811291e-05  -8.0316199954254714e-05  -7.7180697402351610e-05  -7.3307400358411050e-05  -6.8426506945959561e-05  -6.2630380725136573e-05  -5.5854929707239435e-05  -4.7829160207456702e-05  -3.8222069125562351e-05  -2.7909305114062023e-05  -1.7324441086762518e-05  -6.4113472100686781e-06   4.3055360708510058e-06   1.3559250686980365e-05   2.0707152684007971e-05   2.5590510896317104e-05   2.8339445895714202e-05   2.9203084813338500e-05   2.8450430879301281e-05   2.6320008741113030e-05   2.3018188402076870e-05   1.8729720965544474e-05   1.3609555301334220e-05   7.7852359489183379e-06   1.3739608513475021e-06  -5.5097215701189015e-06  -1.2756899025508123e-05  -2.0264176092246939e-05  -2.7934568405857904e-05  -3.5705306877147674e-05  -4.3527352423675507e-05  -5.1299408224938267e-05  -5.8949335149173077e-05  -6.6396464807722374e-05  -7.3510005030684737e-05  -8.0096038176177592e-05  -8.6126770720314726e-05  -9.1471270587443530e-05  -9.6053752989503280e-05  -9.9851344501184134e-05  -1.0291730497131791e-04  -1.0538981293800308e-04  -1.0737146856296283e-04  -1.0894467678457792e-04  -1.1023486459288459e-04  -1.1099769713375496e-04
