   1.1648341566709325e+01   1.0565543487131228e+01   1.0294775226934791e+01   9.4445437418573057e+00   8.5207604868511027e+00   7.6027157397901064e+00   6.7296694187502499e+00   5.8975584822492344e+00   5.0214118391564186e+00   3.9252205432813527e+00   2.8134425912410683e+00   2.1882802492777635e+00   2.0785225115237207e+00   2.1281531717069404e+00   2.1690088432815733e+00   2.2063067757508765e+00   2.2418902296329528e+00   2.2764191026872700e+00   2.3101535998821903e+00   2.3434790897556947e+00   2.3779360304796699e+00   2.4122247700275783e+00   2.4399758828261922e+00   2.4548986324931099e+00   2.4539769530989726e+00   2.4378756564342416e+00   2.4093028009198529e+00   2.3713576729470076e+00   2.3266317080371053e+00   2.2769012091995333e+00   2.2233138837481414e+00   2.1666610228239831e+00   2.1074769711898318e+00   2.0460816463969658e+00   1.9827819591384270e+00   1.9178342731166396e+00   1.8514159130804198e+00   1.7836518104094112e+00   1.7148296269603742e+00   1.6452236822508741e+00   1.5749782896088200e+00   1.5042881125795904e+00   1.4336652124571243e+00   1.3640756843117516e+00   1.2967285924741687e+00   1.2333456988226288e+00   1.1766571801214065e+00   1.1277790974739486e+00   1.0866743257688467e+00   1.0529180309322861e+00   1.0256070288134695e+00   1.0037028916987627e+00   9.8644243072479632e-01   9.7361379178238561e-01   9.6579944275686558e-01
   3.4795573766530595e+01   3.4834051436555811e+01   3.4854373345153604e+01   3.4833031699645787e+01   3.4801817893133070e+01   3.4767581692761915e+01   3.4733174917259014e+01   3.4697665689259480e+01   3.4654189874358650e+01   3.4590154976563184e+01   3.4524550024295266e+01   3.4495982592289849e+01   3.4502271969336256e+01   3.4517688834371540e+01   3.4533309881100379e+01   3.4549521593545741e+01   3.4566591371893580e+01   3.4584765793929769e+01   3.4604413940523997e+01   3.4626511321218537e+01   3.4653930480343071e+01   3.4688828796278607e+01   3.4729016737596417e+01   3.4770495155588023e+01   3.4809230979093222e+01   3.4842733020102827e+01   3.4870178859356294e+01   3.4891860717953456e+01   3.4908579747046133e+01   3.4921247868948278e+01   3.4930665651537836e+01   3.4937482442119773e+01   3.4942224820829978e+01   3.4945316406468876e+01   3.4947089819610881e+01   3.4947813304991122e+01   3.4947703615788910e+01   3.4946934087975663e+01   3.4945642226652566e+01   3.4943941945047676e+01   3.4941916024049561e+01   3.4939629211961133e+01   3.4937178534234206e+01   3.4934661676978571e+01   3.4932170198736010e+01   3.4929797752339496e+01   3.4927667042297792e+01   3.4925828180246519e+01   3.4924281681528889e+01   3.4923011277814751e+01   3.4921982819845375e+01   3.4921157003690794e+01   3.4920505248597074e+01   3.4920021739017258e+01   3.4919728399345729e+01
   7.4221620988495877e-04   8.2415371392713236e-04   1.0898564749816746e-03   1.2989220150299876e-03   1.4596507489432853e-03   1.5888090699794067e-03   1.6895596714202915e-03   1.7640060756310874e-03   1.8118491493281945e-03   1.8285386582164219e-03   1.8242103605236285e-03   1.8315532675314359e-03   1.8586829101672339e-03   1.8890278818398253e-03   1.9173439698917287e-03   1.9437196513308462e-03   1.9681960886701200e-03   1.9907920137566394e-03   2.0117289793704120e-03   2.0317679325766213e-03   2.0530684472602240e-03   2.0772501812706375e-03   2.1035873770700597e-03   2.1294043835651771e-03   2.1513098713416929e-03   2.1676311610699878e-03   2.1783456992879474e-03   2.1843844062342747e-03   2.1869552866338993e-03   2.1871512563619725e-03   2.1858396517921456e-03   2.1836459477745877e-03   2.1809547229652807e-03   2.1779496741563512e-03   2.1746976050520924e-03   2.1711686098291102e-03   2.1672653999955426e-03   2.1628585058980632e-03   2.1578620884916029e-03   2.1521957196877196e-03   2.1458114050935334e-03   2.1387038388459910e-03   2.1307428869966013e-03   2.1219376442363682e-03   2.1124175351325165e-03   2.1025156337780055e-03   2.0928689053167893e-03   2.0838927091679413e-03   2.0757933044107039e-03   2.0687022643378255e-03   2.0625966097949948e-03   2.0573732415740515e-03   2.0529974654444534e-03   2.0496520154524248e-03   2.0480387484719201e-03
                      NaN                      NaN                      NaN                      NaN                      NaN                      NaN                      NaN                      NaN                      NaN                      NaN                      NaN                      NaN                      NaN                      NaN                      NaN                      NaN                      NaN                      NaN                      NaN                      NaN                      NaN                      NaN                      NaN                      NaN                      NaN                      NaN                      NaN                      NaN                      NaN                      NaN                      NaN                      NaN                      NaN                      NaN                      NaN                      NaN                      NaN                      NaN                      NaN                      NaN                      NaN                      NaN                      NaN                      NaN                      NaN                      NaN                      NaN                      NaN                      NaN                      NaN                      NaN                      NaN                      NaN                      NaN                      NaN
   2.0445065582807564e+00   2.0542369269281759e+00   2.0904304785675483e+00   2.1211416939707504e+00   2.1457626128649947e+00   2.1663074143421079e+00   2.1830068434231134e+00   2.1959713379151791e+00   2.2049789200837235e+00   2.2091865457785329e+00   2.2099264314440172e+00   2.2123888922896575e+00   2.2180920255256527e+00   2.2243896440037112e+00   2.2305462314062936e+00   2.2365810156318786e+00   2.2425158317645644e+00   2.2483778745066356e+00   2.2542515028345824e+00   2.2603992002955482e+00   2.2675852457831640e+00   2.2764142154716125e+00   2.2865153960639044e+00   2.2968784002748270e+00   2.3062965380546441e+00   2.3140551736329402e+00   2.3199686138057607e+00   2.3241950404039082e+00   2.3270330574373443e+00   2.3287911333346720e+00   2.3297297339648635e+00   2.3300484726251365e+00   2.3298867572792541e+00   2.3293269258047120e+00   2.3284172519750972e+00   2.3271785151946074e+00   2.3256102596740638e+00   2.3236990711874919e+00   2.3214427922063243e+00   2.3188404055524607e+00   2.3158956916279858e+00   2.3126252813672732e+00   2.3090201739029688e+00   2.3051196884973639e+00   2.3010018320661239e+00   2.2968108882551381e+00   2.2927989914749856e+00   2.2891213727802522e+00   2.2858459270211391e+00   2.2830104566663474e+00   2.2805955019268462e+00   2.2785534224938160e+00   2.2768636861472840e+00   2.2755914692520114e+00   2.2750022915473052e+00
   2.3026064448317604e-02   2.3132474030468104e-02   2.3531709343659224e-02   2.3871379520437559e-02   2.4144030669331622e-02   2.4371771546232265e-02   2.4557082657298914e-02   2.4701170560795360e-02   2.4801655762018204e-02   2.4849382765027472e-02   2.4858769057904396e-02   2.4886641884091780e-02   2.4949844233008035e-02   2.5019492880027774e-02   2.5087608768442442e-02   2.5154401181502705e-02   2.5220111204323443e-02   2.5285040806356077e-02   2.5350125896931225e-02   2.5418278413693471e-02   2.5497978220458541e-02   2.5595937295750139e-02   2.5708045799093169e-02   2.5823089989995513e-02   2.5927671526409457e-02   2.6013848857778427e-02   2.6079550797036763e-02   2.6126525133531111e-02   2.6158081392125550e-02   2.6177641618917474e-02   2.6188096212209595e-02   2.6191660560451937e-02   2.6189882437698531e-02   2.6183675993092400e-02   2.6173577163250795e-02   2.6159816867832277e-02   2.6142390435181604e-02   2.6121149355730001e-02   2.6096070359193792e-02   2.6067143254975340e-02   2.6034411638435971e-02   2.5998062361076647e-02   2.5957996657553061e-02   2.5914652534499878e-02   2.5868897788802928e-02   2.5822335701064472e-02   2.5777765814528990e-02   2.5736911983475920e-02   2.5700528040021646e-02   2.5669033307492053e-02   2.5642211433494221e-02   2.5619533362004201e-02   2.5600770512298386e-02   2.5586644944037423e-02   2.5580100888130702e-02
   2.4076116557013596e-12   2.4053451103197636e-12   2.4099639718899845e-12   2.4145300875271567e-12   2.4170281083882172e-12   2.4180465753957286e-12   2.4179309549407867e-12   2.4168240452453470e-12   2.4145906817214650e-12   2.4107935787837726e-12   2.4067576425829659e-12   2.4045729792672764e-12   2.4039428061998430e-12   2.4036257669774025e-12   2.4031612024443485e-12   2.4025805840860927e-12   2.4019063989132343e-12   2.4011420006277626e-12   2.4002440094176514e-12   2.3990901349543772e-12   2.3973706291033303e-12   2.3947057328792325e-12   2.3909787534736198e-12   2.3863801463463209e-12   2.3813528536539175e-12   2.3763236590376076e-12   2.3715865863282458e-12   2.3672893182967106e-12   2.3634730994991131e-12   2.3601138282888272e-12   2.3571734988437475e-12   2.3546250402827483e-12   2.3524495637325673e-12   2.3506278363799094e-12   2.3491594060293321e-12   2.3480538143447699e-12   2.3473255301090242e-12   2.3469934935024780e-12   2.3470880931582340e-12   2.3476378917555731e-12   2.3486601457345865e-12   2.3501635100316694e-12   2.3521606162647990e-12   2.3546411177360678e-12   2.3575485977311019e-12   2.3607524811219373e-12   2.3640126707900175e-12   2.3671679499290187e-12   2.3701266826064502e-12   2.3728459115031690e-12   2.3753219022352822e-12   2.3775646007190474e-12   2.3795753058728599e-12   2.3813321936909064e-12   2.3827959092625758e-12
   2.2956327006345520e+00   2.2993434366437318e+00   2.3101284699046598e+00   2.3188161858261380e+00   2.3260363302950204e+00   2.3324042180190330e+00   2.3378961477344111e+00   2.3424272186550472e+00   2.3457593620283537e+00   2.3474150508201705e+00   2.3478284673780152e+00   2.3490690395918428e+00   2.3517604925514237e+00   2.3547749186084870e+00   2.3578307716761913e+00   2.3609415996144758e+00   2.3641236649412054e+00   2.3674011308214906e+00   2.3708370235913283e+00   2.3746148166438643e+00   2.3792623379782034e+00   2.3852321149637237e+00   2.3923112925303012e+00   2.3998155774066134e+00   2.4068796485351336e+00   2.4129374873234690e+00   2.4177809540082169e+00   2.4214546517916364e+00   2.4241235708829945e+00   2.4259823595763250e+00   2.4272027742223505e+00   2.4279190081315400e+00   2.4282282005743516e+00   2.4281855486539876e+00   2.4278221741766721e+00   2.4271511022038377e+00   2.4261710633729461e+00   2.4248714957965545e+00   2.4232512341043435e+00   2.4213124264289845e+00   2.4190636514539108e+00   2.4165263732699613e+00   2.4136980611124090e+00   2.4106151598514631e+00   2.4073458820717297e+00   2.4040091944495807e+00   2.4008049778642535e+00   2.3978601450074422e+00   2.3952322000368422e+00   2.3929540309734310e+00   2.3910131072755534e+00   2.3893744923141838e+00   2.3880232994189647e+00   2.3870128668602781e+00   2.3865604775606957e+00
   2.7805072604799425e-01   2.7193537345345770e-01   2.3975568171857256e-01   2.2260769340140479e-01   2.1337351504528068e-01   2.0862317413288228e-01   2.0731428830975193e-01   2.0950886821053202e-01   2.1723247344871038e-01   2.3478120257009172e-01   2.5560903046690592e-01   2.6430021747432575e-01   2.6009806950175174e-01   2.5269389538681941e-01   2.4564194972311570e-01   2.3883046019030021e-01   2.3220381490337533e-01   2.2572505018381842e-01   2.1931545466844046e-01   2.1273183260620190e-01   2.0524958278225436e-01   1.9637753621525786e-01   1.8664139365677909e-01   1.7710752001330790e-01   1.6889933517766922e-01   1.6259561710231152e-01   1.5825507575373632e-01   1.5563127810230415e-01   1.5437773261673676e-01   1.5417000935729944e-01   1.5474594373988360e-01   1.5590732321856010e-01   1.5751651859538968e-01   1.5948809052320098e-01   1.6176647252334025e-01   1.6432171940050247e-01   1.6714439244631463e-01   1.7023757661031788e-01   1.7359352315195314e-01   1.7720602521020143e-01   1.8107054547570531e-01   1.8517394919823649e-01   1.8951219283979273e-01   1.9403552501875443e-01   1.9866076507047586e-01   2.0324274544116958e-01   2.0753003854816060e-01   2.1138348472116766e-01   2.1475570430645935e-01   2.1763035150315638e-01   2.2004473293517687e-01   2.2206017791720550e-01   2.2371067634515868e-01   2.2495421533075527e-01   2.2558575946620663e-01
   1.0865043117347381e-04   1.1943939726425692e-04   1.1425985455803452e-04   9.4062148554122367e-05   7.1403503024345763e-05   4.8568857244668561e-05   2.6777091404622740e-05   5.5817801516255247e-06  -1.8041650670228633e-05  -4.9539496466458311e-05  -8.0604184326828489e-05  -9.5323710824398293e-05  -9.5253576748000233e-05  -9.1269734000130353e-05  -8.7308733048487876e-05  -8.3213945283450478e-05  -7.8897178866539947e-05  -7.4299261302339549e-05  -6.9365818399140717e-05  -6.3940266776631874e-05  -5.7495656083373337e-05  -4.9803488528976831e-05  -4.1680298157821357e-05  -3.4161064373231606e-05  -2.8027712846235363e-05  -2.3623381686892532e-05  -2.0927689793557517e-05  -1.9731376704014717e-05  -1.9775077439903888e-05  -2.0826137214671463e-05  -2.2701220620252131e-05  -2.5255504660385290e-05  -2.8373130349103789e-05  -3.1963727500874760e-05  -3.5949007348900647e-05  -4.0262281800299263e-05  -4.4849615227440306e-05  -4.9667695453326740e-05  -5.4668962118248385e-05  -5.9811172530817304e-05  -6.5068136657195699e-05  -7.0414255914262743e-05  -7.5790876465359468e-05  -8.1108722766707971e-05  -8.6264062554139141e-05  -9.1118595565840748e-05  -9.5459032863053447e-05  -9.9199177702608430e-05  -1.0234262532452265e-04  -1.0492292504720096e-04  -1.0700987062664469e-04  -1.0868338070840687e-04  -1.1000205822256415e-04  -1.1098165685916362e-04  -1.1157788293971156e-04
