          Arctic                 high-north                mid-north                eq-north                 eq-south                mid-shouth               Southern Oc
   5.0536355814600043e+01   5.0482018592891606e+01   5.0415283714510643e+01   5.0306266910593635e+01   5.0306266910593635e+01   5.0415283714510643e+01   5.0489928711076480e+01
   1.5164622446046218e+02   1.5148313482958503e+02   1.5128283455172630e+02   1.5095562816503411e+02   1.5095562816503411e+02   1.5128283455172630e+02   1.5150687652888905e+02
   2.5280556760515893e+02   2.5253362183346002e+02   2.5219962890532889e+02   2.5165402541338480e+02   2.5165402541338480e+02   2.5219962890532889e+02   2.5257321020782905e+02
   3.5401430330591103e+02   3.5363339792943407e+02   3.5316558542821150e+02   3.5240137784242160e+02   3.5240137784242160e+02   3.5316558542821150e+02   3.5368884803388033e+02
   4.5527234949163989e+02   4.5478238131465559e+02   4.5418062264614736e+02   4.5319760451285555e+02   4.5319760451285555e+02   4.5418062264614736e+02   4.5485370816518099e+02
   5.5657962396612504e+02   5.5598049006164376e+02   5.5524465896090817e+02   5.5404262436241720e+02   5.5404262436241720e+02   5.5524465896090817e+02   5.5606770863516465e+02
   6.5793604441119282e+02   6.5722764212146092e+02   6.5635761265341580e+02   6.5493635620897351e+02   6.5493635620897351e+02   6.5635761265341580e+02   6.5733076735573661e+02
   7.5934152838994294e+02   7.5852375532692088e+02   7.5751940188692924e+02   7.5587871875368171e+02   7.5587871875368171e+02   7.5751940188692924e+02   7.5864280212048425e+02
   8.6079599335000989e+02   8.5986874739583254e+02   8.5872994471026664e+02   8.5686963058417302e+02   8.5686963058417302e+02   8.5872994471026664e+02   8.6000373060792185e+02
   9.6229935662685625e+02   9.6126253593427566e+02   9.5998915906105867e+02   9.5790901017777423e+02   9.5790901017777423e+02   9.5998915906105867e+02   9.6141347038477193e+02
   1.0638515354471042e+03   1.0627050384399147e+03   1.0612969627690395e+03   1.0589967759047602e+03   1.0589967759047602e+03   1.0612969627690395e+03   1.0628719389092785e+03
   1.1654524469318997e+03   1.1641961723053425e+03   1.1626532735593707e+03   1.1601328460316411e+03   1.1601328460316411e+03   1.1626532735593707e+03   1.1643790535345559e+03
   1.2671020081003121e+03   1.2657358548214643e+03   1.2640580090559990e+03   1.2613171387244852e+03   1.2613171387244852e+03   1.2640580090559990e+03   1.2659347315119737e+03
   1.3688001358727688e+03   1.3673240031809105e+03   1.3655110867850487e+03   1.3625495720522724e+03   1.3625495720522724e+03   1.3655110867850487e+03   1.3675388899945740e+03
   1.4705467470745250e+03   1.4689605344814893e+03   1.4670124241782494e+03   1.4638300639902836e+03   1.4638300639902836e+03   1.4670124241782494e+03   1.4691914460405253e+03
   1.5723417584391648e+03   1.5706453657296690e+03   1.5685619385763957e+03   1.5651585324235248e+03   1.5651585324235248e+03   1.5685619385763957e+03   1.5708923166166078e+03
   1.6741850866121424e+03   1.6723784138440965e+03   1.6701595472328406e+03   1.6665348951501787e+03   1.6665348951501787e+03   1.6701595472328406e+03   1.6726414186017364e+03
   1.7760766481543531e+03   1.7741595956591530e+03   1.7718051673170296e+03   1.7679590698851014e+03   1.7679590698851014e+03   1.7718051673170296e+03   1.7744386687905167e+03
   1.8780163595457411e+03   1.8759888279285381e+03   1.8734987159180573e+03   1.8694309742633402e+03   1.8694309742633402e+03   1.8734987159180573e+03   1.8762839838968332e+03
   1.9800041371889427e+03   1.9778660273288947e+03   1.9752401100482700e+03   1.9709505258436927e+03   1.9709505258436927e+03   1.9752401100482700e+03   1.9781772805574781e+03
   2.0820398974129603e+03   2.0797911104634627e+03   2.0770292666468922e+03   2.0725176421122987e+03   2.0725176421122987e+03   2.0770292666468922e+03   2.0801184753358075e+03
   2.1841235564768726e+03   2.1817639938657690e+03   2.1788661025836941e+03   2.1741322404862613e+03   2.1741322404862613e+03   2.1788661025836941e+03   2.1821074847254317e+03
   2.2862550305735840e+03   2.2837845940033517e+03   2.2807505346626899e+03   2.2757942383173067e+03   2.2757942383173067e+03   2.2807505346626899e+03   2.2841442251539479e+03
   2.3884342358335998e+03   2.3858528272815201e+03   2.3826824796258702e+03   2.3775035528954745e+03   2.3775035528954745e+03   2.3826824796258702e+03   2.3862286129866980e+03
   2.4906610883288381e+03   2.4879686100471458e+03   2.4846618541569665e+03   2.4792601014528395e+03   2.4792601014528395e+03   2.4846618541569665e+03   2.4883605645305629e+03
   2.5929355040764831e+03   2.5901318585924851e+03   2.5866885748852505e+03   2.5810638011672709e+03   2.5810638011672709e+03   2.5866885748852505e+03   2.5905399960377949e+03
   2.6952573990428582e+03   2.6923424891590435e+03   2.6887625583893737e+03   2.6829145691662243e+03   2.6829145691662243e+03   2.6887625583893737e+03   2.6927668237098760e+03
   2.7976266891473506e+03   2.7946004179414672e+03   2.7908837212012245e+03   2.7848123225305576e+03   2.7848123225305576e+03   2.7908837212012245e+03   2.7950409637014213e+03
   2.9000432902663515e+03   2.8969055610914711e+03   2.8930519798098344e+03   2.8867569782983974e+03   2.8867569782983974e+03   2.8930519798098344e+03   2.8973623321241007e+03
   3.0025071182372476e+03   2.9992578347217964e+03   2.9952672506653093e+03   2.9887484534690207e+03   2.9887484534690207e+03   2.9952672506653093e+03   2.9997308450506080e+03
   3.1050180888624295e+03   3.1016571549102077e+03   3.0975294501827980e+03   3.0907866650067767e+03   3.0907866650067767e+03   3.0975294501827980e+03   3.1021464185186574e+03
   3.2075761179133478e+03   3.2041034377035185e+03   3.1998384947464870e+03   3.1928715298450484e+03   3.1928715298450484e+03   3.1998384947464870e+03   3.2046089685350162e+03
   3.3101811211345948e+03   3.3065965991216549e+03   3.3021943007136401e+03   3.2950029648902309e+03   3.2950029648902309e+03   3.3021943007136401e+03   3.3071184110795630e+03
   3.4128330142480204e+03   3.4091365551617455e+03   3.4045967844186562e+03   3.3971808870257560e+03   3.3971808870257560e+03   3.4045967844186562e+03   3.4096746621093921e+03
   3.5155317129568825e+03   3.5117232218022505e+03   3.5070458621771741e+03   3.4994052131161420e+03   3.4994052131161420e+03   3.5070458621771741e+03   3.5122776375629373e+03
   3.6182771329500356e+03   3.6143565150071217e+03   3.6095414502902036e+03   3.6016758600110811e+03   3.6016758600110811e+03   3.6095414502902036e+03   3.6149272533641401e+03
   3.7210691899061371e+03   3.7170363507299940e+03   3.7120834650482807e+03   3.7039927445495532e+03   3.7039927445495532e+03   3.7120834650482807e+03   3.7176234254266428e+03
   3.8239077994979084e+03   3.8197626449184140e+03   3.8146718227356714e+03   3.8063557835639758e+03   3.8063557835639758e+03   3.8146718227356714e+03   3.8203660696580196e+03
   3.9267928773964072e+03   3.9225353135180894e+03   3.9173064396346017e+03   3.9087648938843827e+03   3.9087648938843827e+03   3.9173064396346017e+03   3.9231551019640356e+03
   4.0297243392753512e+03   4.0253542724771955e+03   4.0199872320295131e+03   4.0112199923426392e+03   4.0112199923426392e+03   4.0199872320295131e+03   4.0259904382529471e+03
   4.1327021008154561e+03   4.1282194377506812e+03   4.1227141162113567e+03   4.1137209957766818e+03   4.1137209957766818e+03   4.1227141162113567e+03   4.1288719944398181e+03
   4.2357260777088259e+03   4.2311307253046334e+03   4.2254870084819195e+03   4.2162678210348004e+03   4.2162678210348004e+03   4.2254870084819195e+03   4.2317996864508859e+03
   4.3387961856633565e+03   4.3340880511206633e+03   4.3283058251581806e+03   4.3188603849799401e+03   4.3188603849799401e+03   4.3283058251581806e+03   4.3347734302279550e+03
   4.4419123404071888e+03   4.4370913312003249e+03   4.4311704825766992e+03   4.4214986044940397e+03   4.4214986044940397e+03   4.4311704825766992e+03   4.4377931417328091e+03
   4.5450744576931756e+03   4.5401404815695669e+03   4.5340808970980370e+03   4.5241823964824071e+03   4.5241823964824071e+03   4.5340808970980370e+03   4.5408587369516799e+03
   4.6482824533033972e+03   4.6432354182832141e+03   4.6370369851112073e+03   4.6269116778781163e+03   4.6269116778781163e+03   4.6370369851112073e+03   4.6439701318997240e+03
   4.7515362430536998e+03   4.7463760574294820e+03   4.7400386630381554e+03   4.7296863656464338e+03   4.7296863656464338e+03   4.7400386630381554e+03   4.7471272426255382e+03
   4.8548357427982683e+03   4.8495623151345253e+03   4.8430858473382814e+03   4.8325063767892952e+03   4.8325063767892952e+03   4.8430858473382814e+03   4.8503299852157261e+03
   4.9581808684342250e+03   4.9527941075670115e+03   4.9461784545129758e+03   4.9353716283497824e+03   4.9353716283497824e+03   4.9461784545129758e+03   4.9535782757994566e+03
   5.0615715359062706e+03   5.0560713509427314e+03   5.0493164011102026e+03   5.0382820374166586e+03   5.0382820374166586e+03   5.0493164011102026e+03   5.0568720305530951e+03
   5.1650076612113471e+03   5.1593939615292411e+03   5.1524996037291003e+03   5.1412375211289182e+03   5.1412375211289182e+03   5.1524996037291003e+03   5.1602111657048326e+03
   5.2684891604033319e+03   5.2627618556505222e+03   5.2557279790246239e+03   5.2442379966803737e+03   5.2442379966803737e+03   5.2557279790246239e+03   5.2635955975393717e+03
   5.3720159495977723e+03   5.3661749496916918e+03   5.3590014437122090e+03   5.3472833813242614e+03   5.3472833813242614e+03   5.3590014437122090e+03   5.3670252424026185e+03
   5.4755879449766380e+03   5.4696331601037336e+03   5.4623199145724739e+03   5.4503735923778986e+03   5.4503735923778986e+03   5.4623199145724739e+03   5.4705000167064281e+03
   5.5792050627931094e+03   5.5731364034082544e+03   5.5656833084559439e+03   5.5535085472273486e+03   5.5535085472273486e+03   5.5656833084559439e+03   5.5740198369333684e+03
