        Latitude              Ocean-Land fraction
  -8.9999999999999972e+01   1.0000000000000000e+00
  -8.9899999999999977e+01   8.9801398083422068e-01
  -8.9799999999999969e+01   5.9622239711124481e-01
  -8.9699999999999974e+01   5.5316883477616774e-01
  -8.9599999999999966e+01   6.8663487801490675e-01
  -8.9499999999999972e+01   7.2709596777926944e-01
  -8.9399999999999977e+01   6.6135827045044215e-01
  -8.9299999999999969e+01   6.6196009444007220e-01
  -8.9199999999999974e+01   5.9251886486736727e-01
  -8.9099999999999966e+01   5.4108606083051713e-01
  -8.8999999999999972e+01   4.7669089394009534e-01
  -8.8899999999999977e+01   5.1821674922457295e-01
  -8.8799999999999969e+01   5.7705661774917827e-01
  -8.8699999999999974e+01   5.0423591500393505e-01
  -8.8599999999999966e+01   3.6183510022684134e-01
  -8.8499999999999972e+01   2.3508170918013055e-01
  -8.8399999999999977e+01   1.9161149946761724e-01
  -8.8299999999999969e+01   1.4531734641914726e-01
  -8.8199999999999974e+01   1.7721401786954308e-01
  -8.8099999999999966e+01   1.9550020832368872e-01
  -8.7999999999999972e+01   1.8151937410305077e-01
  -8.7899999999999977e+01   1.9661126799685200e-01
  -8.7799999999999969e+01   2.1948057960279616e-01
  -8.7699999999999974e+01   2.6776538123235033e-01
  -8.7599999999999966e+01   2.5008101476783484e-01
  -8.7499999999999972e+01   2.4346095088190361e-01
  -8.7399999999999977e+01   2.6915420582380445e-01
  -8.7299999999999969e+01   2.6582102680431463e-01
  -8.7199999999999974e+01   2.6521920281468453e-01
  -8.7099999999999966e+01   2.5216425165501599e-01
  -8.6999999999999972e+01   2.3022082311004119e-01
  -8.6899999999999977e+01   2.1850840238877831e-01
  -8.6799999999999969e+01   2.4109994907643165e-01
  -8.6699999999999974e+01   2.6651543910004166e-01
  -8.6599999999999966e+01   2.7545021063839636e-01
  -8.6499999999999972e+01   2.7202444331280962e-01
  -8.6399999999999977e+01   2.5660849034766908e-01
  -8.6299999999999969e+01   2.5670107865376601e-01
  -8.6199999999999974e+01   2.5475672422573031e-01
  -8.6099999999999966e+01   2.4035924262765612e-01
  -8.5999999999999972e+01   2.1762881348085736e-01
  -8.5899999999999977e+01   2.2869311605944170e-01
  -8.5799999999999969e+01   2.2355446507106153e-01
  -8.5699999999999974e+01   2.0656451090227304e-01
  -8.5599999999999966e+01   1.9522244340539791e-01
  -8.5499999999999972e+01   2.1110133790102309e-01
  -8.5399999999999977e+01   2.0003703532243877e-01
  -8.5299999999999969e+01   2.2813758622286004e-01
  -8.5199999999999974e+01   2.9822693393824362e-01
  -8.5099999999999966e+01   3.3614184528494051e-01
  -8.4999999999999972e+01   3.0947641312902180e-01
  -8.4899999999999977e+01   2.8748669043099856e-01
  -8.4799999999999969e+01   2.9683810934678950e-01
  -8.4699999999999974e+01   3.0855053006805239e-01
  -8.4599999999999966e+01   3.2577195500208322e-01
  -8.4499999999999972e+01   3.6373316050182863e-01
  -8.4399999999999977e+01   3.9419471320772187e-01
  -8.4299999999999969e+01   4.1683255404842368e-01
  -8.4199999999999974e+01   4.2201749918985232e-01
  -8.4099999999999966e+01   4.0340724966436742e-01
  -8.3999999999999972e+01   4.1961020323133186e-01
  -8.3899999999999977e+01   4.3650756909402344e-01
  -8.3799999999999969e+01   4.6664506272857736e-01
  -8.3699999999999974e+01   5.1604092403129487e-01
  -8.3599999999999966e+01   5.2599416693671586e-01
  -8.3499999999999972e+01   5.4793759548169063e-01
  -8.3399999999999977e+01   5.2437387158001947e-01
  -8.3299999999999969e+01   5.3335493727142258e-01
  -8.3199999999999974e+01   5.3178093606777466e-01
  -8.3099999999999966e+01   5.2303134114161376e-01
  -8.2999999999999972e+01   5.1909633813249390e-01
  -8.2899999999999977e+01   5.2062404518309335e-01
  -8.2799999999999969e+01   5.3798435257626964e-01
  -8.2699999999999974e+01   5.4631730012499424e-01
  -8.2599999999999966e+01   5.5960372204990505e-01
  -8.2499999999999972e+01   5.6844590528216288e-01
  -8.2399999999999977e+01   5.7798250081014768e-01
  -8.2299999999999969e+01   5.7501967501504558e-01
  -8.2199999999999974e+01   5.5752048516272390e-01
  -8.2099999999999966e+01   5.1909633813249390e-01
  -8.1999999999999972e+01   5.2428128327392254e-01
  -8.1899999999999977e+01   5.2437387158001947e-01
  -8.1799999999999969e+01   5.3377158464885888e-01
  -8.1699999999999974e+01   5.4441923985000695e-01
  -8.1599999999999966e+01   5.6117772325355308e-01
  -8.1499999999999972e+01   5.7048284801629556e-01
  -8.1399999999999977e+01   5.6039072265172907e-01
  -8.1299999999999969e+01   5.6566825609925464e-01
  -8.1199999999999974e+01   5.5136336280727749e-01
  -8.1099999999999966e+01   5.4715059487986673e-01
  -8.0999999999999972e+01   5.3904911809638445e-01
  -8.0899999999999977e+01   5.2192028146845049e-01
  -8.0799999999999969e+01   5.3372529049581041e-01
  -8.0699999999999974e+01   5.5617795472431830e-01
  -8.0599999999999966e+01   5.5233554002129526e-01
  -8.0499999999999972e+01   5.4520624045183097e-01
  -8.0399999999999977e+01   5.4668765334938196e-01
  -8.0299999999999969e+01   5.3909541224943291e-01
  -8.0199999999999974e+01   5.3965094208601450e-01
  -8.0099999999999966e+01   5.5974260450905056e-01
  -7.9999999999999972e+01   5.7228831998518592e-01
  -7.9899999999999977e+01   5.9224109994907648e-01
  -7.9799999999999969e+01   6.0668487570019902e-01
  -7.9699999999999974e+01   6.1497152909587516e-01
  -7.9599999999999966e+01   6.2413777139947224e-01
  -7.9499999999999972e+01   6.0886070089347710e-01
  -7.9399999999999977e+01   6.0793481783250780e-01
  -7.9299999999999969e+01   6.1224017406601550e-01
  -7.9199999999999974e+01   6.1159205592333687e-01
  -7.9099999999999966e+01   5.9927781121244383e-01
  -7.8999999999999972e+01   5.8830609693995650e-01
  -7.8899999999999977e+01   5.8376926994120637e-01
  -7.8799999999999969e+01   5.8251932780889770e-01
  -7.8699999999999974e+01   5.9603722049905095e-01
  -7.8599999999999966e+01   6.0696264061848992e-01
  -7.8499999999999972e+01   6.1075876116846439e-01
  -7.8399999999999977e+01   6.1983241516596455e-01
  -7.8299999999999969e+01   6.1599000046294150e-01
  -7.8199999999999974e+01   6.1631405953428087e-01
  -7.8099999999999966e+01   6.1311976297393644e-01
  -7.7999999999999972e+01   6.0807370029165320e-01
  -7.7899999999999977e+01   5.7432526271931850e-01
  -7.7799999999999969e+01   5.7089949539373175e-01
  -7.7699999999999974e+01   5.6904772927179292e-01
  -7.7599999999999966e+01   5.4145641405490486e-01
  -7.7499999999999972e+01   5.2534604879403735e-01
  -7.7399999999999977e+01   5.1608721818434333e-01
  -7.7299999999999969e+01   5.1298550993009584e-01
  -7.7199999999999974e+01   5.0932827183926666e-01
  -7.7099999999999966e+01   5.2766075644646082e-01
  -7.6999999999999972e+01   5.2872552196657563e-01
  -7.6899999999999977e+01   5.2979028748669044e-01
  -7.6799999999999969e+01   5.1766121938799126e-01
  -7.6699999999999974e+01   5.3016064071107816e-01
  -7.6599999999999966e+01   5.3872505902504508e-01
  -7.6499999999999972e+01   5.4256747372806813e-01
  -7.6399999999999977e+01   5.4742835979815752e-01
  -7.6299999999999969e+01   5.5927966297856579e-01
  -7.6199999999999974e+01   5.7057543632239249e-01
  -7.6099999999999966e+01   5.8001944354428037e-01
  -7.5999999999999972e+01   5.6534419702791538e-01
  -7.5899999999999977e+01   5.6326096014073423e-01
  -7.5799999999999969e+01   5.6969584741447155e-01
  -7.5699999999999974e+01   5.6978843572056848e-01
  -7.5599999999999966e+01   5.5895560390722654e-01
  -7.5499999999999972e+01   5.4469700476829774e-01
  -7.5399999999999977e+01   5.4830794870607846e-01
  -7.5299999999999969e+01   5.4418776908476463e-01
  -7.5199999999999974e+01   5.2969769918059351e-01
  -7.5099999999999966e+01   5.2710522660987913e-01
  -7.4999999999999972e+01   5.4826165455303000e-01
  -7.4899999999999977e+01   5.7344567381139766e-01
  -7.4799999999999969e+01   5.8474144715522425e-01
  -7.4699999999999974e+01   5.8992639229665289e-01
  -7.4599999999999966e+01   5.8654691912411461e-01
  -7.4499999999999972e+01   5.8844497939910190e-01
  -7.4399999999999977e+01   5.9108374612286463e-01
  -7.4299999999999969e+01   5.8932456830702284e-01
  -7.4199999999999974e+01   6.0103698902828573e-01
  -7.4099999999999966e+01   5.9733345678440808e-01
  -7.3999999999999972e+01   6.0237951946669133e-01
  -7.3899999999999977e+01   6.1015693717883435e-01
  -7.3799999999999969e+01   6.1529558816721452e-01
  -7.3699999999999974e+01   6.1492523494282669e-01
  -7.3599999999999966e+01   6.0307393176241841e-01
  -7.3499999999999972e+01   6.0274987269107916e-01
  -7.3399999999999977e+01   6.1233276237211243e-01
  -7.3299999999999969e+01   6.2038794500254613e-01
  -7.3199999999999974e+01   6.1964723855377069e-01
  -7.3099999999999966e+01   6.1932317948243132e-01
  -7.2999999999999972e+01   6.2214712281838802e-01
  -7.2899999999999977e+01   6.1705476598305631e-01
  -7.2799999999999969e+01   6.1450858756539051e-01
  -7.2699999999999974e+01   6.1344382204527570e-01
  -7.2599999999999966e+01   6.1529558816721452e-01
  -7.2499999999999972e+01   6.2779500949030143e-01
  -7.2399999999999977e+01   6.3390583769269937e-01
  -7.2299999999999969e+01   6.4881255497430679e-01
  -7.2199999999999974e+01   6.5117355677977873e-01
  -7.2099999999999966e+01   6.4483125781213835e-01
  -7.1999999999999972e+01   6.4973843803527620e-01
  -7.1899999999999977e+01   6.5459932410536548e-01
  -7.1799999999999969e+01   6.5668256099254663e-01
  -7.1699999999999974e+01   6.6455256701078658e-01
  -7.1599999999999966e+01   6.6469144946993197e-01
  -7.1499999999999972e+01   6.7487616314059540e-01
  -7.1399999999999977e+01   6.9010693949354196e-01
  -7.1299999999999969e+01   6.9802323966483037e-01
  -7.1199999999999974e+01   7.1010601361048098e-01
  -7.1099999999999966e+01   7.1992037405675668e-01
  -7.0999999999999972e+01   7.3075320587009862e-01
  -7.0899999999999977e+01   7.2848479237072361e-01
  -7.0799999999999969e+01   7.3154020647192264e-01
  -7.0699999999999974e+01   7.4630804129438455e-01
  -7.0599999999999966e+01   7.4626174714133608e-01
  -7.0499999999999972e+01   7.4922457293643818e-01
  -7.0399999999999977e+01   7.5626128419980554e-01
  -7.0299999999999969e+01   7.6093699365770107e-01
  -7.0199999999999974e+01   7.6223322994305820e-01
  -7.0099999999999966e+01   7.6450164344243321e-01
  -6.9999999999999972e+01   7.6746446923753531e-01
  -6.9899999999999977e+01   7.7792694782648952e-01
  -6.9799999999999969e+01   7.8325077542706356e-01
  -6.9699999999999974e+01   7.9412990139345396e-01
  -6.9599999999999966e+01   7.8778760242581358e-01
  -6.9499999999999972e+01   7.9625943243368358e-01
  -6.9399999999999977e+01   8.0348132030924491e-01
  -6.9299999999999969e+01   8.1838803759085232e-01
  -6.9199999999999974e+01   8.2625804360909216e-01
  -6.9099999999999966e+01   8.3996111291143927e-01
  -6.8999999999999972e+01   8.4824776630711540e-01
  -6.8899999999999977e+01   8.5324753483635019e-01
  -6.8799999999999969e+01   8.6417295495578905e-01
  -6.8699999999999974e+01   8.7153372529049578e-01
  -6.8599999999999966e+01   8.7232072589231979e-01
  -6.8499999999999972e+01   8.7065413638257483e-01
  -6.8399999999999977e+01   8.7630202305448823e-01
  -6.8299999999999969e+01   8.8574603027637611e-01
  -6.8199999999999974e+01   8.8875515022452667e-01
  -6.8099999999999966e+01   8.9560668487570017e-01
  -6.7999999999999972e+01   8.9810656914031761e-01
  -6.7899999999999977e+01   8.7421878616730708e-01
  -6.7799999999999969e+01   8.7370955048377386e-01
  -6.7699999999999974e+01   8.7824637748252399e-01
  -6.7599999999999966e+01   8.9417156613119764e-01
  -6.7499999999999972e+01   9.0625434007684824e-01
  -6.7399999999999977e+01   9.0870793018841722e-01
  -6.7299999999999969e+01   9.1546687653349379e-01
  -6.7199999999999974e+01   9.1319846303411878e-01
  -6.7099999999999966e+01   9.0921716587195034e-01
  -6.6999999999999972e+01   9.1241146243229476e-01
  -6.6899999999999977e+01   9.1093004953474377e-01
  -6.6799999999999969e+01   9.1430952270728205e-01
  -6.6699999999999974e+01   9.2065182167492243e-01
  -6.6599999999999966e+01   9.3023471135595570e-01
  -6.6499999999999972e+01   9.3907689458821353e-01
  -6.6399999999999977e+01   9.4903013749363452e-01
  -6.6299999999999969e+01   9.5018749131984626e-01
  -6.6199999999999974e+01   9.6203879450025465e-01
  -6.6099999999999966e+01   9.7074209527336697e-01
  -6.5999999999999972e+01   9.7990833757696405e-01
  -6.5899999999999977e+01   9.8759316698301003e-01
  -6.5799999999999969e+01   9.9208369982871158e-01
  -6.5699999999999974e+01   9.9300958288968100e-01
  -6.5599999999999966e+01   9.9004675709457890e-01
  -6.5499999999999972e+01   9.9212999398176005e-01
  -6.5399999999999977e+01   9.9384287764455348e-01
  -6.5299999999999969e+01   9.9370399518540808e-01
  -6.5199999999999974e+01   9.9236146474700249e-01
  -6.5099999999999966e+01   9.9361140687931115e-01
  -6.4999999999999972e+01   9.9393546595065041e-01
  -6.4899999999999977e+01   9.9291699458358407e-01
  -6.4799999999999969e+01   9.9356511272626269e-01
  -6.4699999999999974e+01   9.9287070043053560e-01
  -6.4599999999999966e+01   9.9240775890005095e-01
  -6.4499999999999972e+01   9.9356511272626269e-01
  -6.4399999999999977e+01   9.9152816999213000e-01
  -6.4299999999999969e+01   9.8884310911531870e-01
  -6.4199999999999974e+01   9.9000046294153043e-01
  -6.4099999999999966e+01   9.8963010971714271e-01
  -6.3999999999999972e+01   9.9125040507383921e-01
  -6.3899999999999970e+01   9.9500023147076522e-01
  -6.3799999999999969e+01   9.9564834961344384e-01
  -6.3699999999999974e+01   9.9675940928660711e-01
  -6.3599999999999966e+01   9.9648164436831632e-01
  -6.3499999999999972e+01   9.9541687884820151e-01
  -6.3399999999999970e+01   9.9671311513355865e-01
  -6.3299999999999969e+01   9.9768529234757652e-01
  -6.3199999999999974e+01   9.9865746956159440e-01
  -6.3099999999999966e+01   9.9986111754085460e-01
  -6.2999999999999972e+01   9.9990741169390307e-01
  -6.2899999999999970e+01   9.9967594092866074e-01
  -6.2799999999999969e+01   1.0000000000000000e+00
  -6.2699999999999974e+01   9.9944447016341831e-01
  -6.2599999999999966e+01   9.9879635202073991e-01
  -6.2499999999999972e+01   9.9893523447988519e-01
  -6.2399999999999970e+01   9.9981482338780614e-01
  -6.2299999999999969e+01   9.9986111754085460e-01
  -6.2199999999999974e+01   9.9921299939817598e-01
  -6.2099999999999966e+01   9.9837970464330361e-01
  -6.1999999999999972e+01   9.9865746956159440e-01
  -6.1899999999999970e+01   9.9916670524512752e-01
  -6.1799999999999969e+01   1.0000000000000000e+00
  -6.1699999999999974e+01   1.0000000000000000e+00
  -6.1599999999999966e+01   1.0000000000000000e+00
  -6.1499999999999972e+01   1.0000000000000000e+00
  -6.1399999999999970e+01   1.0000000000000000e+00
  -6.1299999999999969e+01   9.9995370584695153e-01
  -6.1199999999999974e+01   9.9879635202073980e-01
  -6.1099999999999966e+01   9.9898152863293366e-01
  -6.0999999999999972e+01   1.0000000000000000e+00
  -6.0899999999999970e+01   1.0000000000000000e+00
  -6.0799999999999969e+01   9.9990741169390307e-01
  -6.0699999999999974e+01   9.9819452803110964e-01
  -6.0599999999999966e+01   9.9819452803110964e-01
  -6.0499999999999972e+01   1.0000000000000000e+00
  -6.0399999999999970e+01   1.0000000000000000e+00
  -6.0299999999999969e+01   1.0000000000000000e+00
  -6.0199999999999974e+01   1.0000000000000000e+00
  -6.0099999999999966e+01   1.0000000000000000e+00
  -5.9999999999999972e+01   9.9972223508170921e-01
  -5.9899999999999970e+01   1.0000000000000000e+00
  -5.9799999999999969e+01   1.0000000000000000e+00
  -5.9699999999999974e+01   1.0000000000000000e+00
  -5.9599999999999966e+01   1.0000000000000000e+00
  -5.9499999999999972e+01   1.0000000000000000e+00
  -5.9399999999999970e+01   1.0000000000000000e+00
  -5.9299999999999969e+01   1.0000000000000000e+00
  -5.9199999999999974e+01   1.0000000000000000e+00
  -5.9099999999999966e+01   1.0000000000000000e+00
  -5.8999999999999972e+01   1.0000000000000000e+00
  -5.8899999999999970e+01   1.0000000000000000e+00
  -5.8799999999999969e+01   1.0000000000000000e+00
  -5.8699999999999974e+01   1.0000000000000000e+00
  -5.8599999999999966e+01   1.0000000000000000e+00
  -5.8499999999999972e+01   1.0000000000000000e+00
  -5.8399999999999970e+01   9.9949076431646688e-01
  -5.8299999999999969e+01   1.0000000000000000e+00
  -5.8199999999999974e+01   1.0000000000000000e+00
  -5.8099999999999966e+01   1.0000000000000000e+00
  -5.7999999999999972e+01   1.0000000000000000e+00
  -5.7899999999999970e+01   1.0000000000000000e+00
  -5.7799999999999969e+01   9.9990741169390307e-01
  -5.7699999999999967e+01   1.0000000000000000e+00
  -5.7599999999999973e+01   1.0000000000000000e+00
  -5.7499999999999972e+01   1.0000000000000000e+00
  -5.7399999999999970e+01   1.0000000000000000e+00
  -5.7299999999999969e+01   1.0000000000000000e+00
  -5.7199999999999967e+01   1.0000000000000000e+00
  -5.7099999999999973e+01   1.0000000000000000e+00
  -5.6999999999999972e+01   9.9981482338780614e-01
  -5.6899999999999970e+01   1.0000000000000000e+00
  -5.6799999999999969e+01   1.0000000000000000e+00
  -5.6699999999999967e+01   9.9972223508170932e-01
  -5.6599999999999973e+01   1.0000000000000000e+00
  -5.6499999999999972e+01   1.0000000000000000e+00
  -5.6399999999999970e+01   1.0000000000000000e+00
  -5.6299999999999969e+01   9.9990741169390307e-01
  -5.6199999999999967e+01   1.0000000000000000e+00
  -5.6099999999999973e+01   1.0000000000000000e+00
  -5.5999999999999972e+01   1.0000000000000000e+00
  -5.5899999999999970e+01   9.9930558770427291e-01
  -5.5799999999999969e+01   9.9935188185732138e-01
  -5.5699999999999967e+01   9.9879635202073991e-01
  -5.5599999999999973e+01   9.9787046895977038e-01
  -5.5499999999999972e+01   9.9680570343965558e-01
  -5.5399999999999970e+01   9.9541687884820151e-01
  -5.5299999999999969e+01   9.9407434840979580e-01
  -5.5199999999999967e+01   9.9148187583908154e-01
  -5.5099999999999973e+01   9.9088005184945138e-01
  -5.4999999999999972e+01   9.8768575528910696e-01
  -5.4899999999999970e+01   9.8699134299337998e-01
  -5.4799999999999969e+01   9.8060274987269103e-01
  -5.4699999999999967e+01   9.8088051479098182e-01
  -5.4599999999999973e+01   9.8176010369890288e-01
  -5.4499999999999972e+01   9.8226933938243599e-01
  -5.4399999999999970e+01   9.8402851719827789e-01
  -5.4299999999999969e+01   9.8527845933058655e-01
  -5.4199999999999967e+01   9.8393592889218096e-01
  -5.4099999999999973e+01   9.8245451599462985e-01
  -5.3999999999999972e+01   9.8532475348363502e-01
  -5.3899999999999970e+01   9.8722281375862231e-01
  -5.3799999999999969e+01   9.8708393129947691e-01
  -5.3699999999999967e+01   9.8713022545252538e-01
  -5.3599999999999973e+01   9.8763946113605849e-01
  -5.3499999999999972e+01   9.8884310911531870e-01
  -5.3399999999999970e+01   9.8861163835007637e-01
  -5.3299999999999969e+01   9.8671357807508908e-01
  -5.3199999999999967e+01   9.8805610851349457e-01
  -5.3099999999999973e+01   9.8689875468728294e-01
  -5.2999999999999972e+01   9.8699134299337998e-01
  -5.2899999999999970e+01   9.8708393129947691e-01
  -5.2799999999999969e+01   9.8731540206471924e-01
  -5.2699999999999967e+01   9.8847275589093153e-01
  -5.2599999999999973e+01   9.9027822785982134e-01
  -5.2499999999999972e+01   9.8713022545252538e-01
  -5.2399999999999970e+01   9.8713022545252538e-01
  -5.2299999999999969e+01   9.8407481135132635e-01
  -5.2199999999999967e+01   9.8115827970927261e-01
  -5.2099999999999973e+01   9.7967686681172172e-01
  -5.1999999999999972e+01   9.7805657145502523e-01
  -5.1899999999999970e+01   9.7921392528123696e-01
  -5.1799999999999969e+01   9.7870468959770385e-01
  -5.1699999999999967e+01   9.7773251238368641e-01
  -5.1599999999999966e+01   9.7944539604647962e-01
  -5.1499999999999972e+01   9.7810286560807369e-01
  -5.1399999999999970e+01   9.7810286560807369e-01
  -5.1299999999999969e+01   9.8134345632146658e-01
  -5.1199999999999967e+01   9.8388963473913260e-01
  -5.1099999999999966e+01   9.8416739965742339e-01
  -5.0999999999999972e+01   9.8388963473913249e-01
  -5.0899999999999970e+01   9.8370445812693852e-01
  -5.0799999999999969e+01   9.8259339845377525e-01
  -5.0699999999999967e+01   9.8305633998426012e-01
  -5.0599999999999966e+01   9.8361186982084170e-01
  -5.0499999999999972e+01   9.8305633998426001e-01
  -5.0399999999999970e+01   9.8263969260682371e-01
  -5.0299999999999969e+01   9.8157492708670890e-01
  -5.0199999999999967e+01   9.8097310309707886e-01
  -5.0099999999999966e+01   9.8088051479098193e-01
  -4.9999999999999972e+01   9.8157492708670890e-01
  -4.9899999999999970e+01   9.8018610249525484e-01
  -4.9799999999999969e+01   9.7875098375075231e-01
  -4.9699999999999967e+01   9.7657515855747412e-01
  -4.9599999999999966e+01   9.7569556964955340e-01
  -4.9499999999999972e+01   9.7638998194528026e-01
  -4.9399999999999970e+01   9.7514003981297159e-01
  -4.9299999999999969e+01   9.7356603860932367e-01
  -4.9199999999999967e+01   9.7389009768066304e-01
  -4.9099999999999966e+01   9.7463080412943870e-01
  -4.8999999999999972e+01   9.7560298134345635e-01
  -4.8899999999999970e+01   9.7597333456784408e-01
  -4.8799999999999969e+01   9.7625109948613487e-01
  -4.8699999999999967e+01   9.7713068839405592e-01
  -4.8599999999999966e+01   9.7592704041479572e-01
  -4.8499999999999972e+01   9.7597333456784408e-01
  -4.8399999999999970e+01   9.7527892227211699e-01
  -4.8299999999999969e+01   9.7481598074163234e-01
  -4.8199999999999967e+01   9.7476968658858387e-01
  -4.8099999999999966e+01   9.7407527429285667e-01
  -4.7999999999999972e+01   9.7514003981297159e-01
  -4.7899999999999970e+01   9.7416786259895372e-01
  -4.7799999999999969e+01   9.7546409888431096e-01
  -4.7699999999999967e+01   9.7472339243553563e-01
  -4.7599999999999966e+01   9.7555668719040778e-01
  -4.7499999999999972e+01   9.7574186380260175e-01
  -4.7399999999999970e+01   9.7564927549650482e-01
  -4.7299999999999969e+01   9.7592704041479561e-01
  -4.7199999999999967e+01   9.7564927549650493e-01
  -4.7099999999999966e+01   9.7463080412943859e-01
  -4.6999999999999972e+01   9.7814915976112216e-01
  -4.6899999999999970e+01   9.7680662932271656e-01
  -4.6799999999999969e+01   9.7736215915929814e-01
  -4.6699999999999967e+01   9.7638998194528070e-01
  -4.6599999999999966e+01   9.7472339243553563e-01
  -4.6499999999999972e+01   9.7430674505809911e-01
  -4.6399999999999970e+01   9.7301050877274198e-01
  -4.6299999999999969e+01   9.7328827369103277e-01
  -4.6199999999999967e+01   9.7120503680385151e-01
  -4.6099999999999966e+01   9.6930697652886444e-01
  -4.5999999999999972e+01   9.6907550576362200e-01
  -4.5899999999999970e+01   9.6759409286607101e-01
  -4.5799999999999969e+01   9.6870515253923428e-01
  -4.5699999999999967e+01   9.6851997592704042e-01
  -4.5599999999999966e+01   9.6851997592704064e-01
  -4.5499999999999972e+01   9.6861256423313735e-01
  -4.5399999999999970e+01   9.6963103560020369e-01
  -4.5299999999999969e+01   9.6870515253923428e-01
  -4.5199999999999967e+01   9.6750150455997430e-01
  -4.5099999999999966e+01   9.6736262210082880e-01
  -4.4999999999999972e+01   9.6583491505022911e-01
  -4.4899999999999970e+01   9.6541826767279293e-01
  -4.4799999999999969e+01   9.6602009166242309e-01
  -4.4699999999999967e+01   9.6620526827461684e-01
  -4.4599999999999966e+01   9.6620526827461739e-01
  -4.4499999999999972e+01   9.6606638581547155e-01
  -4.4399999999999970e+01   9.6689968057034392e-01
  -4.4299999999999969e+01   9.6731632794778022e-01
  -4.4199999999999967e+01   9.6699226887644096e-01
  -4.4099999999999966e+01   9.6652932734595609e-01
  -4.3999999999999972e+01   9.6652932734595620e-01
  -4.3899999999999970e+01   9.6717744548863482e-01
  -4.3799999999999969e+01   9.6643673903985927e-01
  -4.3699999999999967e+01   9.6791815193741038e-01
  -4.3599999999999966e+01   9.6754779871302266e-01
  -4.3499999999999972e+01   9.6699226887644085e-01
  -4.3399999999999970e+01   9.6523309106059907e-01
  -4.3299999999999969e+01   9.6490903198925970e-01
  -4.3199999999999967e+01   9.6361279570390246e-01
  -4.3099999999999966e+01   9.6152955881672142e-01
  -4.2999999999999972e+01   9.6125179389843063e-01
  -4.2899999999999970e+01   9.6250173603073930e-01
  -4.2799999999999969e+01   9.6092773482709137e-01
  -4.2699999999999967e+01   9.6055738160270365e-01
  -4.2599999999999966e+01   9.5940002777649203e-01
  -4.2499999999999972e+01   9.5865932132771636e-01
  -4.2399999999999970e+01   9.5953891023563720e-01
  -4.2299999999999969e+01   9.5819637979723160e-01
  -4.2199999999999967e+01   9.5986296930697679e-01
  -4.2099999999999966e+01   9.6069626406184916e-01
  -4.1999999999999972e+01   9.6134438220452756e-01
  -4.1899999999999970e+01   9.6018702837831582e-01
  -4.1799999999999969e+01   9.6023332253136429e-01
  -4.1699999999999967e+01   9.6046479329660672e-01
  -4.1599999999999966e+01   9.6106661728623666e-01
  -4.1499999999999972e+01   9.5930743947039487e-01
  -4.1399999999999970e+01   9.5815008564418314e-01
  -4.1299999999999969e+01   9.5648349613443817e-01
  -4.1199999999999967e+01   9.5703902597101975e-01
  -4.1099999999999966e+01   9.5639090782834135e-01
  -4.0999999999999972e+01   9.5759455580760156e-01
  -4.0899999999999970e+01   9.5889079209295869e-01
  -4.0799999999999969e+01   9.6078885236794598e-01
  -4.0699999999999967e+01   9.6282579510207855e-01
  -4.0599999999999966e+01   9.6356650155085422e-01
  -4.0499999999999972e+01   9.6426091384658119e-01
  -4.0399999999999970e+01   9.6481644368316277e-01
  -4.0299999999999969e+01   9.6463126707096891e-01
  -4.0199999999999967e+01   9.6342761909170849e-01
  -4.0099999999999966e+01   9.6250173603073919e-01
  -3.9999999999999972e+01   9.6152955881672142e-01
  -3.9899999999999970e+01   9.6143697051062449e-01
  -3.9799999999999969e+01   9.6060367575575201e-01
  -3.9699999999999967e+01   9.6046479329660672e-01
  -3.9599999999999966e+01   9.6111291143928512e-01
  -3.9499999999999972e+01   9.6032591083746122e-01
  -3.9399999999999970e+01   9.6046479329660661e-01
  -3.9299999999999969e+01   9.6009444007221889e-01
  -3.9199999999999967e+01   9.6004814591917043e-01
  -3.9099999999999966e+01   9.5935373362344345e-01
  -3.8999999999999972e+01   9.5736308504235912e-01
  -3.8899999999999970e+01   9.5393731771677237e-01
  -3.8799999999999969e+01   9.5139113929910657e-01
  -3.8699999999999967e+01   9.4745613628998637e-01
  -3.8599999999999966e+01   9.4287301513818789e-01
  -3.8499999999999972e+01   9.3907689458821353e-01
  -3.8399999999999970e+01   9.3588259802786911e-01
  -3.8299999999999969e+01   9.3319753715105758e-01
  -3.8199999999999967e+01   9.2995694643766480e-01
  -3.8099999999999966e+01   9.3004953474376184e-01
  -3.7999999999999972e+01   9.2731817971390218e-01
  -3.7899999999999970e+01   9.2713300310170821e-01
  -3.7799999999999969e+01   9.2458682468404207e-01
  -3.7699999999999967e+01   9.2250358779686126e-01
  -3.7599999999999966e+01   9.2324429424563681e-01
  -3.7499999999999972e+01   9.2319800009258834e-01
  -3.7399999999999970e+01   9.2287394102124898e-01
  -3.7299999999999969e+01   9.2180917550113417e-01
  -3.7199999999999967e+01   9.2282764686820051e-01
  -3.7099999999999966e+01   9.2319800009258846e-01
  -3.6999999999999972e+01   9.2310541178649141e-01
  -3.6899999999999970e+01   9.2338317670478220e-01
  -3.6799999999999969e+01   9.2366094162307288e-01
  -3.6699999999999967e+01   9.2504976621452717e-01
  -3.6599999999999966e+01   9.2481829544928507e-01
  -3.6499999999999972e+01   9.2528123697976949e-01
  -3.6399999999999970e+01   9.2555900189806029e-01
  -3.6299999999999969e+01   9.2537382528586654e-01
  -3.6199999999999967e+01   9.2491088375538166e-01
  -3.6099999999999966e+01   9.2528123697976949e-01
  -3.5999999999999972e+01   9.2338317670478220e-01
  -3.5899999999999970e+01   9.2227211703161893e-01
  -3.5799999999999969e+01   9.2079070413406783e-01
  -3.5699999999999967e+01   9.2148511642979503e-01
  -3.5599999999999966e+01   9.2042035090968022e-01
  -3.5499999999999972e+01   9.2051293921577704e-01
  -3.5399999999999970e+01   9.2134623397064952e-01
  -3.5299999999999969e+01   9.2106846905235862e-01
  -3.5199999999999967e+01   9.2055923336882550e-01
  -3.5099999999999966e+01   9.1991111522614699e-01
  -3.4999999999999972e+01   9.1657793620665706e-01
  -3.4899999999999970e+01   9.1620758298226934e-01
  -3.4799999999999969e+01   9.1278181565668237e-01
  -3.4699999999999967e+01   9.0843016527012621e-01
  -3.4599999999999966e+01   9.0537475116892729e-01
  -3.4499999999999972e+01   9.0227304291467991e-01
  -3.4399999999999970e+01   8.9574556733484556e-01
  -3.4299999999999969e+01   8.9079209295865924e-01
  -3.4199999999999967e+01   8.8764409055136295e-01
  -3.4099999999999966e+01   8.8338502847090361e-01
  -3.3999999999999972e+01   8.7519096338132496e-01
  -3.3899999999999970e+01   8.6875607610758765e-01
  -3.3799999999999969e+01   8.6158048238507490e-01
  -3.3699999999999967e+01   8.5801583260034253e-01
  -3.3599999999999966e+01   8.5722883199851874e-01
  -3.3499999999999972e+01   8.5667330216193693e-01
  -3.3399999999999970e+01   8.5523818341743441e-01
  -3.3299999999999969e+01   8.5380306467293166e-01
  -3.3199999999999967e+01   8.5213647516318702e-01
  -3.3099999999999966e+01   8.5102541549002364e-01
  -3.2999999999999972e+01   8.4894217860284249e-01
  -3.2899999999999970e+01   8.4560899958335267e-01
  -3.2799999999999969e+01   8.4482199898152865e-01
  -3.2699999999999967e+01   8.4496088144067383e-01
  -3.2599999999999966e+01   8.4310911531873511e-01
  -3.2499999999999972e+01   8.4093329012545714e-01
  -3.2399999999999970e+01   8.3875746493217906e-01
  -3.2299999999999969e+01   8.3648905143280361e-01
  -3.2199999999999967e+01   8.3148928290356905e-01
  -3.2099999999999966e+01   8.2838757464932167e-01
  -3.1999999999999972e+01   8.2560992546641354e-01
  -3.1899999999999970e+01   8.2241562890606912e-01
  -3.1799999999999969e+01   8.2065645109022733e-01
  -3.1699999999999967e+01   8.1908244988657908e-01
  -3.1599999999999966e+01   8.1371232813295591e-01
  -3.1499999999999972e+01   8.0963844266469143e-01
  -3.1399999999999970e+01   8.0811073561409186e-01
  -3.1299999999999969e+01   8.0662932271654075e-01
  -3.1199999999999967e+01   8.0505532151289283e-01
  -3.1099999999999966e+01   8.0380537938058427e-01
  -3.0999999999999972e+01   8.0366649692143888e-01
  -3.0899999999999970e+01   8.0269431970742100e-01
  -3.0799999999999969e+01   8.0218508402388777e-01
  -3.0699999999999967e+01   8.0162955418730619e-01
  -3.0599999999999966e+01   8.0079625943243371e-01
  -3.0499999999999972e+01   8.0000925883060969e-01
  -3.0399999999999970e+01   7.9875931669830091e-01
  -3.0299999999999969e+01   7.9862043423915563e-01
  -3.0199999999999967e+01   7.9755566871904082e-01
  -3.0099999999999966e+01   7.9709272718855606e-01
  -2.9999999999999972e+01   7.9635202073978062e-01
  -2.9899999999999970e+01   7.9579649090319893e-01
  -2.9799999999999969e+01   7.9584278505624739e-01
  -2.9699999999999967e+01   7.9547243183185967e-01
  -2.9599999999999966e+01   7.9496319614832633e-01
  -2.9499999999999972e+01   7.9510207860747184e-01
  -2.9399999999999970e+01   7.9468543123003577e-01
  -2.9299999999999969e+01   7.9491690199527798e-01
  -2.9199999999999967e+01   7.9264848849590297e-01
  -2.9099999999999966e+01   7.9209295865932128e-01
  -2.8999999999999972e+01   7.9112078144530351e-01
  -2.8899999999999970e+01   7.9065783991481875e-01
  -2.8799999999999969e+01   7.8950048608860701e-01
  -2.8699999999999967e+01   7.8880607379287981e-01
  -2.8599999999999966e+01   7.8769501411971665e-01
  -2.8499999999999972e+01   7.8713948428313507e-01
  -2.8399999999999970e+01   7.8695430767094121e-01
  -2.8299999999999969e+01   7.8593583630387476e-01
  -2.8199999999999967e+01   7.8422295264108144e-01
  -2.8099999999999966e+01   7.8403777602888758e-01
  -2.7999999999999972e+01   7.8389889356974218e-01
  -2.7899999999999970e+01   7.8283412804962738e-01
  -2.7799999999999969e+01   7.8158418591731849e-01
  -2.7699999999999967e+01   7.8135271515207627e-01
  -2.7599999999999966e+01   7.8098236192768866e-01
  -2.7499999999999972e+01   7.8093606777464009e-01
  -2.7399999999999970e+01   7.8102865608073690e-01
  -2.7299999999999969e+01   7.8075089116244623e-01
  -2.7199999999999967e+01   7.7973241979537988e-01
  -2.7099999999999966e+01   7.7945465487708887e-01
  -2.6999999999999972e+01   7.7987130225452528e-01
  -2.6899999999999970e+01   7.7968612564233142e-01
  -2.6799999999999969e+01   7.7926947826489512e-01
  -2.6699999999999967e+01   7.7926947826489523e-01
  -2.6599999999999966e+01   7.7977871394842835e-01
  -2.6499999999999972e+01   7.7963983148928295e-01
  -2.6399999999999970e+01   7.7945465487708898e-01
  -2.6299999999999969e+01   7.7963983148928295e-01
  -2.6199999999999967e+01   7.7996389056062221e-01
  -2.6099999999999966e+01   7.8065830285634930e-01
  -2.5999999999999972e+01   7.8065830285634930e-01
  -2.5899999999999963e+01   7.8038053793805828e-01
  -2.5799999999999969e+01   7.7968612564233142e-01
  -2.5699999999999974e+01   7.7954724318318591e-01
  -2.5599999999999966e+01   7.7917688995879808e-01
  -2.5499999999999972e+01   7.7811212443868338e-01
  -2.5399999999999963e+01   7.7579741678626002e-01
  -2.5299999999999969e+01   7.7376047405212711e-01
  -2.5199999999999974e+01   7.7167723716494618e-01
  -2.5099999999999966e+01   7.6876070552289244e-01
  -2.4999999999999972e+01   7.6714041016619605e-01
  -2.4899999999999963e+01   7.6561270311559648e-01
  -2.4799999999999969e+01   7.6380723114670601e-01
  -2.4699999999999974e+01   7.6302023054488222e-01
  -2.4599999999999966e+01   7.6177028841257344e-01
  -2.4499999999999972e+01   7.6098328781074953e-01
  -2.4399999999999963e+01   7.6001111059673176e-01
  -2.4299999999999969e+01   7.5987222813758626e-01
  -2.4199999999999974e+01   7.5936299245405303e-01
  -2.4099999999999966e+01   7.5899263922966531e-01
  -2.3999999999999972e+01   7.5857599185222901e-01
  -2.3899999999999963e+01   7.5714087310772682e-01
  -2.3799999999999969e+01   7.5686310818943581e-01
  -2.3699999999999974e+01   7.5700199064858109e-01
  -2.3599999999999966e+01   7.5672422573029041e-01
  -2.3499999999999972e+01   7.5663163742419337e-01
  -2.3399999999999963e+01   7.5616869589370850e-01
  -2.3299999999999969e+01   7.5482616545530301e-01
  -2.3199999999999974e+01   7.5477987130225455e-01
  -2.3099999999999966e+01   7.5468728299615773e-01
  -2.2999999999999972e+01   7.5227998703763710e-01
  -2.2899999999999963e+01   7.4802092495717798e-01
  -2.2799999999999969e+01   7.4774316003888708e-01
  -2.2699999999999974e+01   7.4732651266145089e-01
  -2.2599999999999966e+01   7.4709504189620846e-01
  -2.2499999999999972e+01   7.4792833665108094e-01
  -2.2399999999999963e+01   7.4806721911022644e-01
  -2.2299999999999969e+01   7.4811351326327480e-01
  -2.2199999999999974e+01   7.4760427757974168e-01
  -2.2099999999999966e+01   7.4677098282486920e-01
  -2.1999999999999972e+01   7.4704874774315999e-01
  -2.1899999999999963e+01   7.4695615943706362e-01
  -2.1799999999999969e+01   7.4755798342669333e-01
  -2.1699999999999974e+01   7.4774316003888708e-01
  -2.1599999999999966e+01   7.4783574834498423e-01
  -2.1499999999999972e+01   7.4903939632424421e-01
  -2.1399999999999963e+01   7.4959492616082579e-01
  -2.1299999999999969e+01   7.4908569047729279e-01
  -2.1199999999999974e+01   7.4954863200777755e-01
  -2.1099999999999966e+01   7.4959492616082590e-01
  -2.0999999999999972e+01   7.4940974954863204e-01
  -2.0899999999999963e+01   7.5079857414008644e-01
  -2.0799999999999969e+01   7.5140039812971626e-01
  -2.0699999999999974e+01   7.5431692977176978e-01
  -2.0599999999999966e+01   7.5593722512846684e-01
  -2.0499999999999972e+01   7.5602981343456321e-01
  -2.0399999999999963e+01   7.5746493217906563e-01
  -2.0299999999999969e+01   7.5825193278088987e-01
  -2.0199999999999974e+01   7.5996481644368319e-01
  -2.0099999999999966e+01   7.6112217026989504e-01
  -1.9999999999999972e+01   7.6334428961622147e-01
  -1.9899999999999963e+01   7.6663117448266327e-01
  -1.9799999999999969e+01   7.6695523355400208e-01
  -1.9699999999999974e+01   7.6658488032961425e-01
  -1.9599999999999966e+01   7.6616823295217840e-01
  -1.9499999999999972e+01   7.6589046803388727e-01
  -1.9399999999999963e+01   7.6700152770705066e-01
  -1.9299999999999969e+01   7.6704782186009912e-01
  -1.9199999999999974e+01   7.6718670431924452e-01
  -1.9099999999999966e+01   7.6667746863571151e-01
  -1.8999999999999972e+01   7.6598305633998431e-01
  -1.8899999999999963e+01   7.6542752650340262e-01
  -1.8799999999999969e+01   7.6514976158511183e-01
  -1.8699999999999974e+01   7.6422387852414242e-01
  -1.8599999999999966e+01   7.6422387852414231e-01
  -1.8499999999999972e+01   7.6431646683023935e-01
  -1.8399999999999963e+01   7.6366834868756073e-01
  -1.8299999999999969e+01   7.6362205453451237e-01
  -1.8199999999999974e+01   7.6163140595342826e-01
  -1.8099999999999966e+01   7.5876116846442287e-01
  -1.7999999999999972e+01   7.5746493217906574e-01
  -1.7899999999999963e+01   7.5672422573028997e-01
  -1.7799999999999969e+01   7.5482616545530301e-01
  -1.7699999999999974e+01   7.5302069348641287e-01
  -1.7599999999999966e+01   7.5450210638396398e-01
  -1.7499999999999972e+01   7.5709457895467802e-01
  -1.7399999999999963e+01   7.5894634507661707e-01
  -1.7299999999999969e+01   7.6038146382111937e-01
  -1.7199999999999974e+01   7.5991852229063483e-01
  -1.7099999999999966e+01   7.5848340354613208e-01
  -1.6999999999999972e+01   7.5792787370955050e-01
  -1.6899999999999963e+01   7.5778899125040511e-01
  -1.6799999999999969e+01   7.5556687190407867e-01
  -1.6699999999999974e+01   7.5653904911809633e-01
  -1.6599999999999966e+01   7.5635387250590280e-01
  -1.6499999999999972e+01   7.5501134206749687e-01
  -1.6399999999999963e+01   7.5811305032174503e-01
  -1.6299999999999969e+01   7.5792787370955050e-01
  -1.6199999999999974e+01   7.5927040414795599e-01
  -1.6099999999999966e+01   7.6283505393268858e-01
  -1.5999999999999972e+01   7.6380723114670612e-01
  -1.5899999999999963e+01   7.6501087912596666e-01
  -1.5799999999999969e+01   7.6394611360585185e-01
  -1.5699999999999974e+01   7.6524234989120865e-01
  -1.5599999999999966e+01   7.6482570251377247e-01
  -1.5499999999999972e+01   7.6533493819730569e-01
  -1.5399999999999963e+01   7.6501087912596655e-01
  -1.5299999999999969e+01   7.6445534928938497e-01
  -1.5199999999999974e+01   7.6751076339058377e-01
  -1.5099999999999966e+01   7.7051988333873467e-01
  -1.4999999999999972e+01   7.7176982547104311e-01
  -1.4899999999999963e+01   7.7496412203138787e-01
  -1.4799999999999969e+01   7.7593629924540553e-01
  -1.4699999999999974e+01   7.7700106476552011e-01
  -1.4599999999999966e+01   7.7852877181611957e-01
  -1.4499999999999972e+01   7.7834359520392582e-01
  -1.4399999999999963e+01   7.8024165547891344e-01
  -1.4299999999999969e+01   7.7996389056062221e-01
  -1.4199999999999974e+01   7.8126012684597934e-01
  -1.4099999999999966e+01   7.8413036433498462e-01
  -1.3999999999999972e+01   7.8338965788620896e-01
  -1.3899999999999963e+01   7.8366742280449997e-01
  -1.3799999999999969e+01   7.8584324799777805e-01
  -1.3699999999999974e+01   7.8815795565020130e-01
  -1.3599999999999966e+01   7.8899125040507390e-01
  -1.3499999999999972e+01   7.9102819313920658e-01
  -1.3399999999999963e+01   7.9269478264895188e-01
  -1.3299999999999969e+01   7.9334290079163017e-01
  -1.3199999999999960e+01   7.9269478264895177e-01
  -1.3099999999999966e+01   7.9232442942456371e-01
  -1.2999999999999972e+01   7.9186148789407895e-01
  -1.2899999999999963e+01   7.9232442942456383e-01
  -1.2799999999999969e+01   7.9260219434285450e-01
  -1.2699999999999960e+01   7.9269478264895132e-01
  -1.2599999999999966e+01   7.9343548909772699e-01
  -1.2499999999999972e+01   7.9274107680200001e-01
  -1.2399999999999963e+01   7.9389843062821186e-01
  -1.2299999999999969e+01   7.9561131429100529e-01
  -1.2199999999999960e+01   7.9940743484098020e-01
  -1.2099999999999966e+01   8.0209249571779118e-01
  -1.1999999999999972e+01   8.0551826304337770e-01
  -1.1899999999999963e+01   8.0778667654275293e-01
  -1.1799999999999969e+01   8.0579602796166849e-01
  -1.1699999999999960e+01   8.0602749872691104e-01
  -1.1599999999999966e+01   8.0454608582936016e-01
  -1.1499999999999972e+01   8.0547196889032913e-01
  -1.1399999999999963e+01   8.0491643905374788e-01
  -1.1299999999999969e+01   8.0760149993055874e-01
  -1.1199999999999960e+01   8.0949956020554648e-01
  -1.1099999999999966e+01   8.1074950233785470e-01
  -1.0999999999999972e+01   8.1098097310309702e-01
  -1.0899999999999963e+01   8.1130503217443661e-01
  -1.0799999999999969e+01   8.0801814730799504e-01
  -1.0699999999999960e+01   8.0653673441044371e-01
  -1.0599999999999966e+01   8.0449979167631147e-01
  -1.0499999999999972e+01   8.0473126244155369e-01
  -1.0399999999999963e+01   8.0644414610434734e-01
  -1.0299999999999969e+01   8.0204620156474238e-01
  -1.0199999999999960e+01   7.9963890560622197e-01
  -1.0099999999999966e+01   7.9704643303550771e-01
  -9.9999999999999716e+00   7.9649090319892601e-01
  -9.8999999999999631e+00   7.9537984352576285e-01
  -9.7999999999999687e+00   7.9213925281236974e-01
  -9.6999999999999602e+00   7.8959307439470428e-01
  -9.5999999999999659e+00   7.8931530947641348e-01
  -9.4999999999999716e+00   7.8977825100689780e-01
  -9.3999999999999631e+00   7.9056525160872204e-01
  -9.2999999999999687e+00   7.9366695986296920e-01
  -9.1999999999999602e+00   7.9042636914957598e-01
  -9.0999999999999659e+00   7.8575065969168090e-01
  -8.9999999999999716e+00   7.8431554094717848e-01
  -8.8999999999999631e+00   7.8010277301976749e-01
  -8.7999999999999687e+00   7.7255682607286713e-01
  -8.6999999999999602e+00   7.6899217628813465e-01
  -8.5999999999999659e+00   7.6843664645155330e-01
  -8.4999999999999716e+00   7.6644599787046896e-01
  -8.3999999999999631e+00   7.6653858617656534e-01
  -8.2999999999999687e+00   7.6362205453451260e-01
  -8.1999999999999602e+00   7.6107587611684679e-01
  -8.0999999999999659e+00   7.6542752650340329e-01
  -7.9999999999999716e+00   7.6505717327901490e-01
  -7.8999999999999631e+00   7.6149252349428287e-01
  -7.7999999999999687e+00   7.5885375677051981e-01
  -7.6999999999999602e+00   7.5792787370955050e-01
  -7.5999999999999659e+00   7.5852969769918077e-01
  -7.4999999999999716e+00   7.5913152168881082e-01
  -7.3999999999999631e+00   7.5723346141382419e-01
  -7.2999999999999687e+00   7.5778899125040522e-01
  -7.1999999999999602e+00   7.5612240174066114e-01
  -7.0999999999999659e+00   7.5413175315957603e-01
  -6.9999999999999716e+00   7.5450210638396376e-01
  -6.8999999999999631e+00   7.5524281283274108e-01
  -6.7999999999999687e+00   7.6089069950465260e-01
  -6.6999999999999602e+00   7.5945558076015074e-01
  -6.5999999999999659e+00   7.6139993518818594e-01
  -6.4999999999999716e+00   7.6163140595342804e-01
  -6.3999999999999631e+00   7.6325170131012465e-01
  -6.2999999999999687e+00   7.6292764223878529e-01
  -6.1999999999999602e+00   7.6047405212721686e-01
  -6.0999999999999659e+00   7.6135364103513736e-01
  -5.9999999999999716e+00   7.6204805333086434e-01
  -5.8999999999999631e+00   7.6214064163696138e-01
  -5.7999999999999687e+00   7.6075181704550732e-01
  -5.6999999999999602e+00   7.5945558076014996e-01
  -5.5999999999999659e+00   7.5769640294430807e-01
  -5.4999999999999716e+00   7.5834452108698680e-01
  -5.3999999999999631e+00   7.6019628720892529e-01
  -5.2999999999999687e+00   7.5885375677052003e-01
  -5.1999999999999602e+00   7.6033516966807146e-01
  -5.0999999999999659e+00   7.6139993518818649e-01
  -4.9999999999999716e+00   7.6533493819730569e-01
  -4.8999999999999631e+00   7.6436276098328781e-01
  -4.7999999999999687e+00   7.6084440535160414e-01
  -4.6999999999999602e+00   7.5913152168881093e-01
  -4.5999999999999659e+00   7.5913152168881082e-01
  -4.4999999999999716e+00   7.5848340354613208e-01
  -4.3999999999999631e+00   7.5496504791444863e-01
  -4.2999999999999687e+00   7.5626128419980565e-01
  -4.1999999999999602e+00   7.5565946021017638e-01
  -4.0999999999999659e+00   7.5496504791444852e-01
  -3.9999999999999716e+00   7.5306698763946112e-01
  -3.8999999999999631e+00   7.5107633905837723e-01
  -3.7999999999999687e+00   7.4899310217119597e-01
  -3.6999999999999602e+00   7.4778945419193577e-01
  -3.5999999999999659e+00   7.4533586408036689e-01
  -3.4999999999999716e+00   7.4353039211147631e-01
  -3.3999999999999631e+00   7.3825285866395118e-01
  -3.2999999999999687e+00   7.3700291653164207e-01
  -3.1999999999999602e+00   7.3515115040970336e-01
  -3.0999999999999659e+00   7.3667885746030315e-01
  -2.9999999999999716e+00   7.3681773991944810e-01
  -2.8999999999999631e+00   7.3663256330725524e-01
  -2.7999999999999687e+00   7.4366927457062215e-01
  -2.6999999999999602e+00   7.4853016064071221e-01
  -2.5999999999999659e+00   7.5047451506874741e-01
  -2.4999999999999716e+00   7.5357622332299445e-01
  -2.3999999999999631e+00   7.5806675616869634e-01
  -2.2999999999999687e+00   7.6255728901439745e-01
  -2.1999999999999602e+00   7.5917781584185984e-01
  -2.0999999999999659e+00   7.5940928660710161e-01
  -1.9999999999999716e+00   7.5765010879125971e-01
  -1.8999999999999631e+00   7.5741863802601694e-01
  -1.7999999999999687e+00   7.5431692977177023e-01
  -1.6999999999999602e+00   7.5774269709735653e-01
  -1.5999999999999659e+00   7.5871487431137508e-01
  -1.4999999999999716e+00   7.5899263922966542e-01
  -1.3999999999999631e+00   7.5987222813758659e-01
  -1.2999999999999687e+00   7.6028887551502256e-01
  -1.1999999999999602e+00   7.5885375677052092e-01
  -1.0999999999999659e+00   7.6014999305587716e-01
  -9.9999999999997158e-01   7.6153881764733122e-01
  -8.9999999999996305e-01   7.6454793759548190e-01
  -7.9999999999996874e-01   7.6440905513633661e-01
  -6.9999999999996021e-01   7.7195500208323797e-01
  -5.9999999999996589e-01   7.7704735891856891e-01
  -4.9999999999997158e-01   7.7653812323503535e-01
  -3.9999999999996305e-01   7.7704735891856846e-01
  -2.9999999999996874e-01   7.7658441738808404e-01
  -1.9999999999996021e-01   7.8126012684597956e-01
  -9.9999999999965894e-02   7.8399148187583934e-01
   1.4210854715202004e-14   7.8514883570205063e-01
   9.9999999999994316e-02   7.8482477663071304e-01
   1.9999999999998863e-01   7.8459330586546938e-01
   2.9999999999999716e-01   7.8200083329475722e-01
   3.9999999999999147e-01   7.8010277301977082e-01
   5.0000000000000000e-01   7.7163094301190094e-01
   5.9999999999999432e-01   7.7010323596129826e-01
   6.9999999999998863e-01   7.7093653071617108e-01
   7.9999999999999716e-01   7.6926994120642656e-01
   8.9999999999999147e-01   7.6908476459423125e-01
   1.0000000000000000e+00   7.7047358918568543e-01
   1.0999999999999943e+00   7.7445488634785209e-01
   1.1999999999999886e+00   7.7815841859172963e-01
   1.2999999999999972e+00   7.7774177121429633e-01
   1.3999999999999915e+00   7.7820471274478020e-01
   1.5000000000000000e+00   7.8047312624415521e-01
   1.5999999999999943e+00   7.8334336373315983e-01
   1.6999999999999886e+00   7.8658395444655149e-01
   1.7999999999999972e+00   7.8783389657886149e-01
   1.8999999999999915e+00   7.9005601592518970e-01
   2.0000000000000000e+00   7.8973195685384956e-01
   2.0999999999999943e+00   7.8875977963983135e-01
   2.1999999999999886e+00   7.8852830887458925e-01
   2.2999999999999972e+00   7.8825054395629834e-01
   2.3999999999999915e+00   7.8871348548678288e-01
   2.5000000000000000e+00   7.8880607379288004e-01
   2.5999999999999943e+00   7.9000972177213991e-01
   2.6999999999999886e+00   7.9172260543493345e-01
   2.7999999999999972e+00   7.9329660663858059e-01
   2.8999999999999915e+00   7.9412990139345396e-01
   3.0000000000000000e+00   7.9556502013795627e-01
   3.0999999999999943e+00   7.9737049210684630e-01
   3.1999999999999886e+00   7.9875931669830058e-01
   3.2999999999999972e+00   7.9704643303550826e-01
   3.3999999999999915e+00   7.9690755057636231e-01
   3.5000000000000000e+00   7.9686125642331429e-01
   3.5999999999999943e+00   7.9783343363733172e-01
   3.6999999999999886e+00   7.9635202073978095e-01
   3.7999999999999972e+00   7.9593537336234510e-01
   3.8999999999999915e+00   7.9500949030137624e-01
   4.0000000000000000e+00   7.9482431368918105e-01
   4.0999999999999943e+00   7.9473172538308379e-01
   4.1999999999999886e+00   7.9385213647516462e-01
   4.2999999999999972e+00   7.9213925281237174e-01
   4.3999999999999915e+00   7.8741724920142753e-01
   4.5000000000000000e+00   7.8547289477339011e-01
   4.5999999999999943e+00   7.8181565668256081e-01
   4.6999999999999886e+00   7.8121383269293221e-01
   4.7999999999999972e+00   7.7922318411184843e-01
   4.8999999999999915e+00   7.7811212443868327e-01
   5.0000000000000000e+00   7.7551965186797012e-01
   5.0999999999999943e+00   7.7061247164483349e-01
   5.1999999999999886e+00   7.6496458497292097e-01
   5.2999999999999972e+00   7.6496458497291808e-01
   5.3999999999999915e+00   7.6552011480950033e-01
   5.5000000000000000e+00   7.6602935049303422e-01
   5.5999999999999943e+00   7.6922364705337665e-01
   5.6999999999999886e+00   7.7047358918568598e-01
   5.7999999999999972e+00   7.6922364705337931e-01
   5.8999999999999915e+00   7.7024211842044421e-01
   6.0000000000000000e+00   7.7260312022591426e-01
   6.0999999999999943e+00   7.7214017869543217e-01
   6.1999999999999886e+00   7.6885329382899259e-01
   6.2999999999999972e+00   7.6663117448266460e-01
   6.3999999999999915e+00   7.6246470070830463e-01
   6.5000000000000000e+00   7.6093699365770173e-01
   6.5999999999999943e+00   7.6038146382112126e-01
   6.6999999999999886e+00   7.6065922873941072e-01
   6.7999999999999972e+00   7.6047405212721708e-01
   6.8999999999999915e+00   7.6093699365770162e-01
   7.0000000000000000e+00   7.6010369890282936e-01
   7.0999999999999943e+00   7.5825193278089209e-01
   7.1999999999999886e+00   7.5843710939308573e-01
   7.2999999999999972e+00   7.5515022452664404e-01
   7.3999999999999915e+00   7.5348363501689752e-01
   7.5000000000000000e+00   7.5052080922179776e-01
   7.5999999999999943e+00   7.5005786769131078e-01
   7.6999999999999886e+00   7.4940974954863460e-01
   7.7999999999999972e+00   7.4783574834498545e-01
   7.8999999999999915e+00   7.4649321790657897e-01
   8.0000000000000000e+00   7.4709504189620846e-01
   8.0999999999999943e+00   7.4695615943706439e-01
   8.1999999999999886e+00   7.4667839451877360e-01
   8.2999999999999972e+00   7.4445627517244761e-01
   8.3999999999999915e+00   7.4260450905050823e-01
   8.5000000000000000e+00   7.4218786167307060e-01
   8.5999999999999943e+00   7.4552104069255998e-01
   8.6999999999999886e+00   7.4612286468219136e-01
   8.7999999999999972e+00   7.4589139391694881e-01
   8.8999999999999915e+00   7.4746539512059795e-01
   9.0000000000000000e+00   7.5019675015045473e-01
   9.0999999999999943e+00   7.4991898523216616e-01
   9.1999999999999886e+00   7.4973380861997097e-01
   9.2999999999999972e+00   7.5172445720105530e-01
   9.3999999999999915e+00   7.5302069348641276e-01
   9.5000000000000000e+00   7.5690940234248461e-01
   9.5999999999999943e+00   7.5663163742419481e-01
   9.6999999999999886e+00   7.5635387250590547e-01
   9.7999999999999972e+00   7.5649275496504953e-01
   9.8999999999999915e+00   7.5755752048516478e-01
   1.0000000000000000e+01   7.5788157955650337e-01
   1.0099999999999994e+01   7.5640016665895160e-01
   1.0199999999999989e+01   7.5681681403638845e-01
   1.0299999999999997e+01   7.5602981343456566e-01
   1.0399999999999991e+01   7.5357622332299490e-01
   1.0500000000000000e+01   7.5589093097541804e-01
   1.0599999999999994e+01   7.5417804731262506e-01
   1.0699999999999989e+01   7.5834452108698736e-01
   1.0799999999999997e+01   7.6589046803388827e-01
   1.0899999999999991e+01   7.6741817508448940e-01
   1.1000000000000000e+01   7.6926994120642445e-01
   1.1099999999999994e+01   7.7121429563446120e-01
   1.1199999999999989e+01   7.7158464885884970e-01
   1.1299999999999997e+01   7.7644553492893831e-01
   1.1399999999999991e+01   7.8112124438683384e-01
   1.1500000000000000e+01   7.8477848247766258e-01
   1.1599999999999994e+01   7.8885236794592706e-01
   1.1699999999999989e+01   7.8709319013008849e-01
   1.1799999999999997e+01   7.8325077542706512e-01
   1.1899999999999991e+01   7.8426924679412979e-01
   1.2000000000000000e+01   7.8144530345817453e-01
   1.2099999999999994e+01   7.7880653673441125e-01
   1.2199999999999989e+01   7.7737141798990850e-01
   1.2299999999999997e+01   7.7741771214295707e-01
   1.2399999999999991e+01   7.7468635711309797e-01
   1.2500000000000000e+01   7.7403823897041801e-01
   1.2599999999999994e+01   7.7737141798990672e-01
   1.2699999999999989e+01   7.7491782787833974e-01
   1.2799999999999997e+01   7.7352900328688545e-01
   1.2899999999999991e+01   7.7200129623628599e-01
   1.3000000000000000e+01   7.7181611962409113e-01
   1.3099999999999994e+01   7.6991805934910496e-01
   1.3199999999999989e+01   7.6862182306374804e-01
   1.3299999999999997e+01   7.6677005694180755e-01
   1.3399999999999991e+01   7.6552011480950077e-01
   1.3500000000000000e+01   7.6135364103513925e-01
   1.3599999999999994e+01   7.5996481644368497e-01
   1.3700000000000003e+01   7.5672422573029141e-01
   1.3799999999999997e+01   7.5334475255775324e-01
   1.3899999999999991e+01   7.5214110457849259e-01
   1.4000000000000000e+01   7.4876163140595331e-01
   1.4099999999999994e+01   7.4760427757974168e-01
   1.4200000000000003e+01   7.4718763020230561e-01
   1.4299999999999997e+01   7.4728021850840187e-01
   1.4399999999999991e+01   7.4783574834498490e-01
   1.4500000000000000e+01   7.4649321790657852e-01
   1.4599999999999994e+01   7.4552104069256142e-01
   1.4700000000000003e+01   7.4246562659136317e-01
   1.4799999999999997e+01   7.4079903708161754e-01
   1.4899999999999991e+01   7.3978056571455042e-01
   1.5000000000000000e+01   7.3899356511272651e-01
   1.5099999999999994e+01   7.4010462478588979e-01
   1.5200000000000003e+01   7.3839174112309713e-01
   1.5299999999999997e+01   7.3885468265358079e-01
   1.5399999999999991e+01   7.3959538910235512e-01
   1.5500000000000000e+01   7.3866950604138781e-01
   1.5599999999999994e+01   7.3778991713346764e-01
   1.5700000000000003e+01   7.3751215221517530e-01
   1.5799999999999997e+01   7.3723438729688295e-01
   1.5899999999999991e+01   7.3964168325540458e-01
   1.6000000000000000e+01   7.3691032822554658e-01
   1.6099999999999994e+01   7.3478079718531708e-01
   1.6200000000000003e+01   7.3186426554326434e-01
   1.6299999999999997e+01   7.2811443914633700e-01
   1.6399999999999991e+01   7.2589231980001057e-01
   1.6500000000000000e+01   7.2450349520855628e-01
   1.6599999999999994e+01   7.2047590389334060e-01
   1.6700000000000003e+01   7.1779084301652951e-01
   1.6799999999999997e+01   7.1561501782325043e-01
   1.6899999999999991e+01   7.1589278274154033e-01
   1.7000000000000000e+01   7.1376325170131205e-01
   1.7099999999999994e+01   7.0941160131475478e-01
   1.7200000000000003e+01   7.1001342530438405e-01
   1.7299999999999997e+01   7.0918013054951201e-01
   1.7399999999999991e+01   7.0918013054951212e-01
   1.7500000000000000e+01   7.0765242349891333e-01
   1.7599999999999994e+01   7.0718948196842812e-01
   1.7700000000000003e+01   7.0580065737697428e-01
   1.7799999999999997e+01   7.0468959770381112e-01
   1.7899999999999991e+01   6.9857876950141651e-01
   1.8000000000000000e+01   6.9089394009536775e-01
   1.8099999999999994e+01   6.8668117216795688e-01
   1.8200000000000003e+01   6.8408869959724317e-01
   1.8299999999999997e+01   6.7811675385399106e-01
   1.8399999999999991e+01   6.7904263691496081e-01
   1.8500000000000000e+01   6.8621823063746823e-01
   1.8599999999999994e+01   6.9094023424841533e-01
   1.8700000000000003e+01   6.9404194250266260e-01
   1.8799999999999997e+01   6.9408823665571218e-01
   1.8899999999999991e+01   6.9320864774779145e-01
   1.9000000000000000e+01   6.9144946993194778e-01
   1.9099999999999994e+01   6.9117170501365777e-01
   1.9200000000000003e+01   6.8793111430026599e-01
   1.9299999999999997e+01   6.8538493588259941e-01
   1.9399999999999991e+01   6.8691264293319776e-01
   1.9500000000000000e+01   6.8672746632100412e-01
   1.9599999999999994e+01   6.8654228970881048e-01
   1.9700000000000003e+01   6.8390352298504853e-01
   1.9799999999999997e+01   6.8570899495393789e-01
   1.9899999999999991e+01   6.8473681773992323e-01
   2.0000000000000000e+01   6.8487570019906618e-01
   2.0099999999999994e+01   6.8418128790333776e-01
   2.0200000000000003e+01   6.8371834637285456e-01
   2.0299999999999997e+01   6.8117216795518953e-01
   2.0399999999999991e+01   6.7955187259849326e-01
   2.0500000000000000e+01   6.7895004860886143e-01
   2.0599999999999994e+01   6.7867228369057164e-01
   2.0700000000000003e+01   6.7566316374242175e-01
   2.0799999999999997e+01   6.7117263089671986e-01
   2.0899999999999991e+01   6.6927457062173124e-01
   2.1000000000000000e+01   6.6589509744919484e-01
   2.1099999999999994e+01   6.6362668394981994e-01
   2.1200000000000003e+01   6.6566362668394941e-01
   2.1299999999999997e+01   6.6658950974492037e-01
   2.1399999999999991e+01   6.6737651034674383e-01
   2.1500000000000000e+01   6.6473774362298177e-01
   2.1599999999999994e+01   6.5890468033887795e-01
   2.1700000000000003e+01   6.5418267672793140e-01
   2.1799999999999997e+01   6.5103467432063489e-01
   2.1899999999999991e+01   6.4520161103653140e-01
   2.2000000000000000e+01   6.4330355076153967e-01
   2.2099999999999994e+01   6.4094254895606873e-01
   2.2200000000000003e+01   6.3811860562011269e-01
   2.2299999999999997e+01   6.3747048747743240e-01
   2.2399999999999991e+01   6.3797972316096463e-01
   2.2500000000000000e+01   6.4196102032313507e-01
   2.2599999999999994e+01   6.4205360862923411e-01
   2.2700000000000003e+01   6.3872042960974384e-01
   2.2799999999999997e+01   6.3645201611036817e-01
   2.2899999999999991e+01   6.3399842599879963e-01
   2.3000000000000000e+01   6.3260960140734435e-01
   2.3099999999999994e+01   6.3358177862136233e-01
   2.3200000000000003e+01   6.3622054534512440e-01
   2.3299999999999997e+01   6.3649831026341397e-01
   2.3399999999999991e+01   6.3649831026341475e-01
   2.3500000000000000e+01   6.3534095643720290e-01
   2.3599999999999994e+01   6.3385954353965224e-01
   2.3700000000000003e+01   6.3506319151891089e-01
   2.3799999999999997e+01   6.3543354474330049e-01
   2.3899999999999991e+01   6.3469283829452483e-01
   2.4000000000000000e+01   6.3385954353965335e-01
   2.4099999999999994e+01   6.3626683949817187e-01
   2.4200000000000003e+01   6.3710013425304435e-01
   2.4299999999999997e+01   6.3719272255914183e-01
   2.4399999999999991e+01   6.3872042960974107e-01
   2.4500000000000000e+01   6.3760936993657880e-01
   2.4599999999999994e+01   6.3723901671219152e-01
   2.4700000000000003e+01   6.3686866348780180e-01
   2.4799999999999997e+01   6.3677607518170543e-01
   2.4899999999999991e+01   6.3612795703902714e-01
   2.5000000000000000e+01   6.3659089856951134e-01
   2.5099999999999994e+01   6.3700754594694908e-01
   2.5200000000000003e+01   6.3492430905976849e-01
   2.5299999999999997e+01   6.2881348085736932e-01
   2.5399999999999991e+01   6.2089718068608191e-01
   2.5500000000000000e+01   6.1557335308550609e-01
   2.5599999999999994e+01   6.1325864543308617e-01
   2.5700000000000003e+01   6.1219387991296836e-01
   2.5799999999999997e+01   6.1057358455627186e-01
   2.5899999999999991e+01   6.0964770149530190e-01
   2.6000000000000000e+01   6.0987917226054345e-01
   2.6099999999999994e+01   6.0987917226054333e-01
   2.6199999999999996e+01   6.1034211379102887e-01
   2.6299999999999997e+01   6.1001805471969039e-01
   2.6399999999999999e+01   6.1089764362760979e-01
   2.6500000000000000e+01   6.1052729040322340e-01
   2.6599999999999994e+01   6.0802740613860695e-01
   2.6699999999999996e+01   6.0524975695569772e-01
   2.6799999999999997e+01   6.0233322531364597e-01
   2.6899999999999999e+01   6.0302763760936995e-01
   2.7000000000000000e+01   6.0251840192583839e-01
   2.7099999999999994e+01   5.9923151705939592e-01
   2.7199999999999996e+01   5.9511133743808331e-01
   2.7299999999999997e+01   5.9474098421369437e-01
   2.7399999999999999e+01   5.9395398361186980e-01
   2.7500000000000000e+01   5.9335215962223997e-01
   2.7599999999999994e+01   5.9386139530577342e-01
   2.7699999999999996e+01   5.9506504328503307e-01
   2.7799999999999997e+01   5.9302810055090216e-01
   2.7899999999999999e+01   5.9025045136799359e-01
   2.8000000000000000e+01   5.8849127355215158e-01
   2.8099999999999994e+01   5.8636174251192330e-01
   2.8199999999999996e+01   5.8677838988935682e-01
   2.8299999999999997e+01   5.8645433081801890e-01
   2.8399999999999999e+01   5.8645433081801779e-01
   2.8500000000000000e+01   5.8756539049118051e-01
   2.8599999999999994e+01   5.8844497939910256e-01
   2.8699999999999996e+01   5.8775056710337470e-01
   2.8799999999999997e+01   5.8663950743021209e-01
   2.8899999999999999e+01   5.8687097819545364e-01
   2.9000000000000000e+01   5.8719503726679279e-01
   2.9099999999999994e+01   5.9015786306189422e-01
   2.9199999999999996e+01   5.8900050923568503e-01
   2.9299999999999997e+01   5.8682468404240640e-01
   2.9399999999999999e+01   5.8525068283875958e-01
   2.9500000000000000e+01   5.8460256469608085e-01
   2.9599999999999994e+01   5.7941761955465221e-01
   2.9699999999999996e+01   5.7835285403453807e-01
   2.9799999999999997e+01   5.7270496736262577e-01
   2.9899999999999999e+01   5.7122355446507267e-01
   3.0000000000000000e+01   5.6756631637424504e-01
   3.0099999999999994e+01   5.6687190407851595e-01
   3.0199999999999996e+01   5.6520531456877210e-01
   3.0299999999999997e+01   5.6330725429378492e-01
   3.0399999999999999e+01   5.5617795472432197e-01
   3.0500000000000000e+01   5.5071524466460031e-01
   3.0599999999999994e+01   5.5062265635850494e-01
   3.0699999999999996e+01   5.5029859728716413e-01
   3.0799999999999997e+01   5.4983565575667792e-01
   3.0899999999999999e+01   5.5131706865422903e-01
   3.1000000000000000e+01   5.5571501319383321e-01
   3.1099999999999994e+01   5.6113142910050284e-01
   3.1199999999999996e+01   5.6603860932364114e-01
   3.1299999999999997e+01   5.6821443451692200e-01
   3.1399999999999999e+01   5.6969584741447277e-01
   3.1500000000000000e+01   5.7150131938336191e-01
   3.1599999999999994e+01   5.7446414517846367e-01
   3.1699999999999996e+01   5.7469561594370755e-01
   3.1799999999999997e+01   5.7478820424980326e-01
   3.1899999999999999e+01   5.7446414517846489e-01
   3.2000000000000000e+01   5.7589926392296487e-01
   3.2099999999999994e+01   5.7714920605527598e-01
   3.2199999999999996e+01   5.7997314939123201e-01
   3.2299999999999997e+01   5.7951020786074736e-01
   3.2399999999999999e+01   5.7988056108513564e-01
   3.2500000000000000e+01   5.8228785704365449e-01
   3.2599999999999994e+01   5.8432479977778806e-01
   3.2699999999999996e+01   5.8335262256377063e-01
   3.2799999999999997e+01   5.8650062497106603e-01
   3.2899999999999999e+01   5.9279662978565806e-01
   3.3000000000000000e+01   5.9483357251979052e-01
   3.3099999999999994e+01   5.9589833803990711e-01
   3.3199999999999996e+01   5.9534280820332564e-01
   3.3299999999999997e+01   5.9548169066247003e-01
   3.3399999999999999e+01   5.9525021989722804e-01
   3.3500000000000000e+01   5.9520392574417880e-01
   3.3599999999999994e+01   5.9640757372343778e-01
   3.3699999999999996e+01   5.9844451645757224e-01
   3.3799999999999997e+01   5.9687051525392332e-01
   3.3899999999999999e+01   6.0024998842646216e-01
   3.4000000000000000e+01   5.9983334104902564e-01
   3.4099999999999994e+01   5.9997222350817325e-01
   3.4199999999999996e+01   5.9529651405027750e-01
   3.4299999999999997e+01   5.9316698301004722e-01
   3.4399999999999999e+01   5.9228739410212639e-01
   3.4500000000000000e+01   5.8816721448081211e-01
   3.4599999999999994e+01   5.8687097819545564e-01
   3.4699999999999996e+01   5.7997314939123457e-01
   3.4799999999999997e+01   5.7344567381139955e-01
   3.4899999999999999e+01   5.7080690708763537e-01
   3.5000000000000000e+01   5.6691819823156531e-01
   3.5099999999999994e+01   5.6492754965047975e-01
   3.5199999999999996e+01   5.6585343271144839e-01
   3.5299999999999997e+01   5.6946437664922855e-01
   3.5399999999999999e+01   5.7363085042359163e-01
   3.5500000000000000e+01   5.7682514698393528e-01
   3.5599999999999994e+01   5.8140826813573454e-01
   3.5699999999999996e+01   5.8307485764547906e-01
   3.5799999999999997e+01   5.8673209573630791e-01
   3.5899999999999999e+01   5.8756539049118117e-01
   3.6000000000000000e+01   5.9187074672468687e-01
   3.6099999999999994e+01   5.8691727234850599e-01
   3.6199999999999996e+01   5.8117679737049466e-01
   3.6299999999999997e+01   5.7830655988148771e-01
   3.6399999999999999e+01   5.7719550020832355e-01
   3.6500000000000000e+01   5.7529743993333715e-01
   3.6599999999999994e+01   5.7839914818758464e-01
   3.6699999999999996e+01   5.7613073468821130e-01
   3.6799999999999997e+01   5.7039025971019885e-01
   3.6899999999999999e+01   5.7339937965834498e-01
   3.7000000000000000e+01   5.7673255867784112e-01
   3.7099999999999994e+01   5.7650108791259680e-01
   3.7199999999999996e+01   5.7793620665709944e-01
   3.7299999999999997e+01   5.8168603305402478e-01
   3.7399999999999999e+01   5.8034350261562206e-01
   3.7500000000000000e+01   5.8307485764547917e-01
   3.7599999999999994e+01   5.8029720846257338e-01
   3.7699999999999996e+01   5.7941761955465043e-01
   3.7799999999999997e+01   5.7798250081014846e-01
   3.7899999999999999e+01   5.7946391370770067e-01
   3.8000000000000000e+01   5.7788991250405075e-01
   3.8099999999999994e+01   5.8210268043146329e-01
   3.8199999999999996e+01   5.8594509513448478e-01
   3.8299999999999997e+01   5.8501921207351582e-01
   3.8399999999999999e+01   5.8224156289061058e-01
   3.8500000000000000e+01   5.7756585343271249e-01
   3.8599999999999994e+01   5.7812138326929330e-01
   3.8699999999999996e+01   5.7863061895282775e-01
   3.8799999999999997e+01   5.8108420906439484e-01
   3.8899999999999999e+01   5.8043609092171833e-01
   3.9000000000000000e+01   5.7775103004490669e-01
   3.9099999999999994e+01   5.7659367621869595e-01
   3.9199999999999996e+01   5.7525114578028980e-01
   3.9299999999999997e+01   5.7326049719920524e-01
   3.9399999999999999e+01   5.6900143511874779e-01
   3.9500000000000000e+01   5.6613119762974085e-01
   3.9599999999999994e+01   5.6312207768159117e-01
   3.9699999999999996e+01   5.6066848757002130e-01
   3.9799999999999997e+01   5.6048331095782722e-01
   3.9899999999999999e+01   5.5576130734688345e-01
   4.0000000000000000e+01   5.5173371603166532e-01
   4.0099999999999994e+01   5.4747465395120898e-01
   4.0199999999999996e+01   5.4428035739086300e-01
   4.0299999999999997e+01   5.3955835377992112e-01
   4.0399999999999999e+01   5.3840099995370672e-01
   4.0500000000000000e+01   5.3867876487199706e-01
   4.0599999999999994e+01   5.3997500115735797e-01
   4.0699999999999996e+01   5.4025276607564432e-01
   4.0799999999999997e+01   5.3747511689273830e-01
   4.0899999999999999e+01   5.3414193787324793e-01
   4.1000000000000000e+01   5.3641035137262294e-01
   4.1099999999999994e+01   5.4025276607564421e-01
   4.1199999999999996e+01   5.4557659367621836e-01
   4.1299999999999997e+01   5.4432665154391069e-01
   4.1399999999999999e+01   5.4465071061524895e-01
   4.1500000000000000e+01   5.4497476968658942e-01
   4.1599999999999994e+01   5.4353965094208612e-01
   4.1699999999999996e+01   5.4201194389148755e-01
   4.1799999999999997e+01   5.4039164853479038e-01
   4.1899999999999999e+01   5.4210453219758392e-01
   4.2000000000000000e+01   5.4742835979815596e-01
   4.2099999999999994e+01   5.4742835979815796e-01
   4.2199999999999996e+01   5.4465071061524906e-01
   4.2299999999999997e+01   5.4488218138049205e-01
   4.2399999999999999e+01   5.4196564973843919e-01
   4.2500000000000000e+01   5.4122494328966197e-01
   4.2599999999999994e+01   5.3978982454516011e-01
   4.2699999999999996e+01   5.3826211749456188e-01
   4.2799999999999997e+01   5.3409564372019935e-01
   4.2899999999999999e+01   5.2872552196657829e-01
   4.3000000000000000e+01   5.2145733993796628e-01
   4.3099999999999994e+01   5.1909633813249667e-01
   4.3199999999999996e+01   5.1289292162400002e-01
   4.3299999999999997e+01   5.1400398129716074e-01
   4.3399999999999999e+01   5.2006851534650900e-01
   4.3500000000000000e+01   5.2266098791722815e-01
   4.3599999999999994e+01   5.2520716633489140e-01
   4.3699999999999996e+01   5.2418869496782738e-01
   4.3799999999999997e+01   5.1460580528679578e-01
   4.3899999999999999e+01   5.1080968473681898e-01
   4.4000000000000000e+01   5.1030044905328542e-01
   4.4099999999999994e+01   5.0756909402342543e-01
   4.4199999999999996e+01   5.0886533030878223e-01
   4.4299999999999997e+01   5.0849497708439506e-01
   4.4399999999999999e+01   5.0437479746308245e-01
   4.4500000000000000e+01   5.0451367992222607e-01
   4.4599999999999994e+01   5.0196750150456049e-01
   4.4699999999999996e+01   5.0182861904541598e-01
   4.4799999999999997e+01   4.9553261423082456e-01
   4.4899999999999999e+01   4.9567149668996857e-01
   4.5000000000000000e+01   4.9576408499606534e-01
   4.5099999999999994e+01   4.9312531827230499e-01
   4.5199999999999996e+01   4.8854219712050817e-01
   4.5299999999999997e+01   4.9099578723207332e-01
   4.5399999999999999e+01   4.8701449006990905e-01
   4.5500000000000000e+01   4.9020878663024892e-01
   4.5599999999999994e+01   4.9006990417110485e-01
   4.5699999999999996e+01   4.8974584509976332e-01
   4.5799999999999997e+01   4.8868107957965129e-01
   4.5899999999999999e+01   4.9108837553816953e-01
   4.6000000000000000e+01   4.8854219712050423e-01
   4.6099999999999994e+01   4.8655154853942278e-01
   4.6199999999999996e+01   4.8284801629554336e-01
   4.6299999999999997e+01   4.8048701449007181e-01
   4.6399999999999999e+01   4.7724642377668081e-01
   4.6500000000000000e+01   4.7928336651081099e-01
   4.6599999999999994e+01   4.7715383547058426e-01
   4.6699999999999996e+01   4.7183000787000756e-01
   4.6799999999999997e+01   4.6923753529929285e-01
   4.6899999999999999e+01   4.6988565344197009e-01
   4.7000000000000000e+01   4.7025600666635853e-01
   4.7099999999999994e+01   4.7391324475718860e-01
   4.7199999999999996e+01   4.7187630202305686e-01
   4.7299999999999997e+01   4.6835794639137440e-01
   4.7399999999999999e+01   4.6483959075969011e-01
   4.7500000000000000e+01   4.6391370769871854e-01
   4.7599999999999994e+01   4.5956205731217087e-01
   4.7699999999999996e+01   4.5252534604879557e-01
   4.7799999999999997e+01   4.5053469746771280e-01
   4.7899999999999999e+01   4.4970140271283821e-01
   4.8000000000000000e+01   4.4988657932503151e-01
   4.8099999999999994e+01   4.4576639970371856e-01
   4.8199999999999996e+01   4.4604416462201046e-01
   4.8299999999999997e+01   4.4530345817323314e-01
   4.8399999999999999e+01   4.3984074811351576e-01
   4.8500000000000000e+01   4.3859080598120581e-01
   4.8599999999999994e+01   4.3729456969584796e-01
   4.8699999999999996e+01   4.4113698439887034e-01
   4.8799999999999997e+01   4.3817415860376968e-01
   4.8899999999999999e+01   4.3655386324707290e-01
   4.9000000000000000e+01   4.3710939308365454e-01
   4.9099999999999994e+01   4.3340586083978200e-01
   4.9199999999999996e+01   4.3308180176843769e-01
   4.9299999999999997e+01   4.3224850701356632e-01
   4.9399999999999999e+01   4.3039674089162910e-01
   4.9500000000000000e+01   4.2873015138188431e-01
   4.9599999999999994e+01   4.2951715198370688e-01
   4.9699999999999996e+01   4.2984121105504358e-01
   4.9799999999999997e+01   4.3210962455441893e-01
   4.9899999999999999e+01   4.3410027313550248e-01
   5.0000000000000000e+01   4.3650756909402449e-01
   5.0099999999999994e+01   4.3400768482940777e-01
   5.0199999999999996e+01   4.2849868061664348e-01
   5.0299999999999997e+01   4.1405490486552110e-01
   5.0399999999999999e+01   4.1197166797833384e-01
   5.0500000000000000e+01   4.1201796213138220e-01
   5.0599999999999994e+01   4.0988843109115408e-01
   5.0699999999999996e+01   4.0683301698995517e-01
   5.0799999999999997e+01   4.0336095551132001e-01
   5.0899999999999999e+01   4.0178695430767203e-01
   5.1000000000000000e+01   4.0248136660339801e-01
   5.1099999999999994e+01   4.0201842507291519e-01
   5.1199999999999996e+01   4.0262024906254179e-01
   5.1299999999999997e+01   4.0817554742836021e-01
   5.1399999999999999e+01   4.0687931114300296e-01
   5.1500000000000000e+01   4.0521272163325844e-01
   5.1599999999999994e+01   4.0053701217536336e-01
   5.1699999999999996e+01   3.9646312670709966e-01
   5.1799999999999997e+01   3.9118559325957442e-01
   5.1899999999999999e+01   3.8794500254618075e-01
   5.2000000000000000e+01   3.8873200314800244e-01
   5.2100000000000001e+01   3.8688023702606528e-01
   5.2199999999999996e+01   3.8905606221934225e-01
   5.2299999999999997e+01   3.9002823943336112e-01
   5.2399999999999999e+01   3.9053747511689357e-01
   5.2500000000000000e+01   3.9414841905467518e-01
   5.2600000000000001e+01   3.9373177167723761e-01
   5.2699999999999996e+01   3.9183371140225082e-01
   5.2799999999999997e+01   3.8938012129068494e-01
   5.2899999999999999e+01   3.8808388500532420e-01
   5.3000000000000000e+01   3.8988935697421512e-01
   5.3100000000000001e+01   3.9002823943336218e-01
   5.3199999999999996e+01   3.9498171380954505e-01
   5.3299999999999997e+01   3.9169482894310464e-01
   5.3399999999999999e+01   3.9433359566686771e-01
   5.3500000000000000e+01   3.9720383315587277e-01
   5.3600000000000001e+01   4.0373130873570767e-01
   5.3699999999999996e+01   4.1220313874357534e-01
   5.3799999999999997e+01   4.1266608027406249e-01
   5.3899999999999999e+01   4.1141613814175448e-01
   5.4000000000000000e+01   4.1623073005879085e-01
   5.4100000000000001e+01   4.1808249618073384e-01
   5.4199999999999996e+01   4.2396185361788774e-01
   5.4299999999999997e+01   4.3298921346233776e-01
   5.4399999999999999e+01   4.3613721586963750e-01
   5.4500000000000000e+01   4.3752604046109017e-01
   5.4600000000000001e+01   4.3965557150131823e-01
   5.4699999999999996e+01   4.3831304106291580e-01
   5.4799999999999997e+01   4.3724827554279921e-01
   5.4899999999999999e+01   4.3789639368547911e-01
   5.5000000000000000e+01   4.4206286745984147e-01
   5.5100000000000001e+01   4.4396092773482870e-01
   5.5199999999999996e+01   4.4946993194759599e-01
   5.5299999999999997e+01   4.5669181982315771e-01
   5.5399999999999999e+01   4.5854358594509737e-01
   5.5500000000000000e+01   4.5664552567010919e-01
   5.5600000000000001e+01   4.5636776075181884e-01
   5.5699999999999996e+01   4.5571964260913844e-01
   5.5799999999999997e+01   4.5599740752742962e-01
   5.5899999999999999e+01   4.5627517244572291e-01
   5.6000000000000000e+01   4.6150641174019680e-01
   5.6100000000000001e+01   4.5900652747558141e-01
   5.6199999999999996e+01   4.5451599462988046e-01
   5.6299999999999997e+01   4.5011805009027522e-01
   5.6399999999999999e+01   4.5349752326281262e-01
   5.6500000000000000e+01   4.5095134484515104e-01
   5.6600000000000001e+01   4.5359011156890766e-01
   5.6699999999999996e+01   4.5266422850794052e-01
   5.6799999999999997e+01   4.5340493495671497e-01
   5.6899999999999999e+01   4.5409934725244222e-01
   5.7000000000000000e+01   4.5534928938475272e-01
   5.7100000000000001e+01   4.5896023332253078e-01
   5.7199999999999996e+01   4.5872876255728789e-01
   5.7299999999999997e+01   4.5974723392435413e-01
   5.7399999999999999e+01   4.5858988009814433e-01
   5.7500000000000000e+01   4.5720105550668988e-01
   5.7600000000000001e+01   4.6025646960788491e-01
   5.7699999999999996e+01   4.6798759316698124e-01
   5.7799999999999997e+01   4.6715429841211181e-01
   5.7899999999999999e+01   4.7104300726818349e-01
   5.8000000000000000e+01   4.7405212721633461e-01
   5.8099999999999994e+01   4.6988565344196964e-01
   5.8200000000000003e+01   4.6812647562612980e-01
   5.8299999999999997e+01   4.6423776677005835e-01
   5.8399999999999999e+01   4.5942317485301670e-01
   5.8500000000000000e+01   4.5845099763899827e-01
   5.8599999999999994e+01   4.6099717605666368e-01
   5.8700000000000003e+01   4.6002499884264686e-01
   5.8799999999999997e+01   4.5775658534327357e-01
   5.8899999999999999e+01   4.4984028517198349e-01
   5.9000000000000000e+01   4.4618304708115480e-01
   5.9099999999999994e+01   4.4419239850007058e-01
   5.9200000000000003e+01   4.4090551363363156e-01
   5.9299999999999997e+01   4.3266515439100289e-01
   5.9399999999999999e+01   4.2539697236239421e-01
   5.9500000000000000e+01   4.2789685662700722e-01
   5.9599999999999994e+01   4.2928568121846300e-01
   5.9700000000000003e+01   4.2664691449470021e-01
   5.9799999999999997e+01   4.1956390907828633e-01
   5.9899999999999999e+01   4.0729595852044465e-01
   6.0000000000000000e+01   3.9794453960465337e-01
   6.0099999999999994e+01   3.8313041062914632e-01
   6.0200000000000003e+01   3.7164946067312182e-01
   6.0299999999999997e+01   3.6419610203231739e-01
   6.0399999999999999e+01   3.6377945465487543e-01
   6.0500000000000000e+01   3.5553909541225581e-01
   6.0599999999999994e+01   3.4840979584278869e-01
   6.0700000000000003e+01   3.4688208879218724e-01
   6.0799999999999997e+01   3.4373408638489150e-01
   6.0899999999999999e+01   3.3966020091662547e-01
   6.1000000000000000e+01   3.3586408036665177e-01
   6.1099999999999994e+01   3.3794731725382993e-01
   6.1200000000000003e+01   3.3285496041850154e-01
   6.1299999999999997e+01   3.2748483866487893e-01
   6.1399999999999999e+01   3.2577195500208417e-01
   6.1500000000000000e+01   3.2262395259479171e-01
   6.1599999999999994e+01   3.1623535947410120e-01
   6.1700000000000003e+01   3.1262441553632075e-01
   6.1799999999999997e+01   3.0642099902782627e-01
   6.1899999999999999e+01   3.0253229017175171e-01
   6.2000000000000000e+01   2.9794916901995561e-01
   6.2099999999999994e+01   2.9359751863340267e-01
   6.2200000000000003e+01   2.9318087125596221e-01
   6.2299999999999997e+01   2.9244016480718410e-01
   6.2399999999999999e+01   2.9568075552057899e-01
   6.2500000000000000e+01   2.9572704967363095e-01
   6.2599999999999994e+01   2.9072728114439222e-01
   6.2700000000000003e+01   2.9017175130781198e-01
   6.2799999999999997e+01   2.8762557289014729e-01
   6.2899999999999999e+01   2.8341280496273685e-01
   6.3000000000000000e+01   2.8531086523772120e-01
   6.3099999999999994e+01   2.8419980556455948e-01
   6.3200000000000003e+01   2.7734827091338693e-01
   6.3299999999999997e+01   2.7915374288227629e-01
   6.3399999999999999e+01   2.7795009490301759e-01
   6.3500000000000000e+01   2.7859821304569748e-01
   6.3599999999999994e+01   2.7230220823110540e-01
   6.3700000000000003e+01   2.6804314615064306e-01
   6.3799999999999997e+01   2.6183972964215113e-01
   6.3899999999999999e+01   2.6119161149946707e-01
   6.4000000000000000e+01   2.6165455302995438e-01
   6.4099999999999994e+01   2.6253414193787494e-01
   6.4200000000000003e+01   2.5878431554095038e-01
   6.4299999999999997e+01   2.5387713531781586e-01
   6.4400000000000006e+01   2.4415536317763473e-01
   6.4500000000000000e+01   2.3901671218925319e-01
   6.4599999999999994e+01   2.3466506180270000e-01
   6.4700000000000003e+01   2.3165594185454702e-01
   6.4799999999999997e+01   2.2772093884543268e-01
   6.4900000000000006e+01   2.2471181889727299e-01
   6.5000000000000000e+01   2.2466552474422710e-01
   6.5099999999999994e+01   2.2563770195824182e-01
   6.5200000000000003e+01   2.3035970556918434e-01
   6.5299999999999997e+01   2.3559094486366150e-01
   6.5400000000000006e+01   2.3744271098560307e-01
   6.5500000000000000e+01   2.2920235174298056e-01
   6.5599999999999994e+01   2.1355492801259518e-01
   6.5700000000000003e+01   2.0938845423823288e-01
   6.5799999999999997e+01   2.0980510161566704e-01
   6.5900000000000006e+01   2.0841627702421162e-01
   6.6000000000000000e+01   2.0471274478033313e-01
   6.6099999999999994e+01   2.1591592981805813e-01
   6.6200000000000003e+01   2.2401740660154362e-01
   6.6299999999999997e+01   2.2494328966251473e-01
   6.6400000000000006e+01   2.2628582010091947e-01
   6.6500000000000000e+01   2.3447988519049745e-01
   6.6599999999999994e+01   2.2906346928382890e-01
   6.6700000000000003e+01   2.2790611545761935e-01
   6.6799999999999997e+01   2.2591546687653208e-01
   6.6900000000000006e+01   2.3457247349659635e-01
   6.7000000000000000e+01   2.3540576825147008e-01
   6.7099999999999994e+01   2.3452617934354908e-01
   6.7200000000000003e+01   2.3480394426183918e-01
   6.7299999999999997e+01   2.3605388639414923e-01
   6.7400000000000006e+01   2.3721124022035972e-01
   6.7500000000000000e+01   2.4170177306606089e-01
   6.7599999999999994e+01   2.4443312809592227e-01
   6.7700000000000003e+01   2.5480301837877167e-01
   6.7799999999999997e+01   2.6582102680431391e-01
   6.7900000000000006e+01   2.7345956205731009e-01
   6.8000000000000000e+01   2.8211656867737511e-01
   6.8099999999999994e+01   2.9669922688764322e-01
   6.8200000000000003e+01   2.9989352344798442e-01
   6.8299999999999997e+01   3.0873570668024697e-01
   6.8400000000000006e+01   3.1952224434053833e-01
   6.8500000000000000e+01   3.2896625156242182e-01
   6.8599999999999994e+01   3.3771584648859093e-01
   6.8700000000000003e+01   3.3577149206055401e-01
   6.8799999999999997e+01   3.3734549326419971e-01
   6.8900000000000006e+01   3.4938197305680130e-01
   6.9000000000000000e+01   3.6021480487013952e-01
   6.9099999999999994e+01   3.7507522799870030e-01
   6.9200000000000003e+01   3.7586222860053015e-01
   6.9299999999999997e+01   3.7845470117124530e-01
   6.9400000000000006e+01   3.9086153418822783e-01
   6.9500000000000000e+01   4.0095365955279283e-01
   6.9599999999999994e+01   4.1132354983565095e-01
   6.9700000000000003e+01   4.2474885421970615e-01
   6.9799999999999997e+01   4.4826628396832785e-01
   6.9900000000000006e+01   4.7039488912550309e-01
   7.0000000000000000e+01   4.8155178001018412e-01
   7.0099999999999994e+01   4.8645896023331819e-01
   7.0200000000000003e+01   4.9831026341372042e-01
   7.0299999999999997e+01   5.1844821998981039e-01
   7.0400000000000006e+01   5.3293828989398484e-01
   7.0500000000000000e+01   5.4437294569695460e-01
   7.0599999999999994e+01   5.4303041525854889e-01
   7.0700000000000003e+01   5.3340123142447282e-01
   7.0799999999999997e+01   5.4094717837137019e-01
   7.0900000000000006e+01   5.6409425489560461e-01
   7.1000000000000000e+01   5.7210314337299051e-01
   7.1099999999999994e+01   5.8256562196193906e-01
   7.1200000000000003e+01   5.8756539049117940e-01
   7.1299999999999997e+01   5.8571362436924268e-01
   7.1400000000000006e+01   5.8719503726679378e-01
   7.1500000000000000e+01   5.9525021989722160e-01
   7.1599999999999994e+01   6.0849034766908394e-01
   7.1700000000000003e+01   6.1714735428914924e-01
   7.1799999999999997e+01   6.2941530484699593e-01
   7.1900000000000006e+01   6.2816536271468792e-01
   7.2000000000000000e+01   6.3112818850978980e-01
   7.2099999999999994e+01   6.3932225359936912e-01
   7.2200000000000003e+01   6.3960001851766091e-01
   7.2299999999999997e+01   6.4135919633350291e-01
   7.2400000000000006e+01   6.4242396185361905e-01
   7.2500000000000000e+01   6.4598861163834598e-01
   7.2599999999999994e+01   6.5395120596268530e-01
   7.2700000000000003e+01   6.6015462247117473e-01
   7.2799999999999997e+01   6.6844127586685853e-01
   7.2900000000000006e+01   6.8098699134299034e-01
   7.3000000000000000e+01   6.9186611730938163e-01
   7.3099999999999994e+01   6.9746770982824580e-01
   7.3200000000000003e+01   7.1080042590619785e-01
   7.3299999999999997e+01   7.0793018841720246e-01
   7.3400000000000006e+01   7.1080042590620729e-01
   7.3500000000000000e+01   7.0973566038608982e-01
   7.3599999999999994e+01   7.3042914679875359e-01
   7.3700000000000003e+01   7.5783528540344947e-01
   7.3799999999999997e+01   7.8422295264108011e-01
   7.3900000000000006e+01   8.0107402435072217e-01
   7.4000000000000000e+01   8.0940697189944810e-01
   7.4099999999999994e+01   8.1861950835609554e-01
   7.4200000000000003e+01   8.2005462710059929e-01
   7.4299999999999997e+01   8.2380445349752340e-01
   7.4400000000000006e+01   8.2750798574140039e-01
   7.4500000000000000e+01   8.1274015091894802e-01
   7.4599999999999994e+01   7.9843525762696332e-01
   7.4700000000000003e+01   7.9181519374103404e-01
   7.4799999999999997e+01   7.7737141798990972e-01
   7.4900000000000006e+01   7.6288134808573926e-01
   7.5000000000000000e+01   7.4996527938521829e-01
   7.5099999999999994e+01   7.3144761816582604e-01
   7.5200000000000003e+01   7.1834637285311009e-01
   7.5299999999999997e+01   7.1894819684274058e-01
   7.5400000000000006e+01   7.2829961575852842e-01
   7.5500000000000000e+01   7.4316003888708437e-01
   7.5599999999999994e+01   7.5487245960834781e-01
   7.5700000000000003e+01   7.6288134808573571e-01
   7.5799999999999997e+01   7.6153881764732834e-01
   7.5900000000000006e+01   7.7209388454238537e-01
   7.6000000000000000e+01   7.8561177723253428e-01
   7.6099999999999994e+01   7.8551918892643446e-01
   7.6200000000000003e+01   7.8778760242581092e-01
   7.6299999999999997e+01   7.8463960001851729e-01
   7.6400000000000006e+01   7.7028841257349445e-01
   7.6500000000000000e+01   7.8264895143742852e-01
   7.6599999999999994e+01   7.8366742280449897e-01
   7.6700000000000003e+01   7.9088931068005552e-01
   7.6799999999999997e+01   8.0403685014582704e-01
   7.6900000000000006e+01   8.0959214851164119e-01
   7.7000000000000000e+01   8.2602657284384573e-01
   7.7099999999999994e+01   8.3644275727975370e-01
   7.7200000000000003e+01   8.4403499837970597e-01
   7.7299999999999997e+01   8.4801629554187663e-01
   7.7400000000000006e+01   8.5482153603999678e-01
   7.7500000000000000e+01   8.4954400259247820e-01
   7.7599999999999994e+01   8.4732188324614566e-01
   7.7700000000000003e+01   8.4593305865469226e-01
   7.7799999999999997e+01   8.5338641729549447e-01
   7.7900000000000006e+01   8.5769177352900206e-01
   7.8000000000000000e+01   8.4871070783759928e-01
   7.8099999999999994e+01   8.4843294291931104e-01
   7.8200000000000003e+01   8.5371047636683828e-01
   7.8299999999999997e+01   8.3181334197491508e-01
   7.8400000000000006e+01   8.0945326605249912e-01
   7.8500000000000000e+01   8.1477709365306739e-01
   7.8599999999999994e+01   8.1843433174390268e-01
   7.8700000000000003e+01   8.1167538539882578e-01
   7.8799999999999997e+01   8.1158279709272574e-01
   7.8900000000000006e+01   8.3222998935234449e-01
   7.9000000000000000e+01   8.3704458126938441e-01
   7.9099999999999994e+01   8.3260034257672844e-01
   7.9200000000000003e+01   8.4736817739920323e-01
   7.9299999999999997e+01   8.3996111291143882e-01
   7.9400000000000006e+01   8.1880468496829428e-01
   7.9500000000000000e+01   8.1088838479700631e-01
   7.9599999999999994e+01   8.0209249571779262e-01
   7.9700000000000003e+01   7.8431554094718836e-01
   7.9799999999999997e+01   7.7227906115457312e-01
   7.9900000000000006e+01   7.6339058376926872e-01
   8.0000000000000000e+01   7.6292764223878384e-01
   8.0099999999999994e+01   7.7343641498078430e-01
   8.0200000000000003e+01   7.6880699967594457e-01
   8.0299999999999997e+01   7.6695523355399742e-01
   8.0400000000000006e+01   7.7528818110272635e-01
   8.0500000000000000e+01   7.9158372297578561e-01
   8.0599999999999994e+01   7.8700060182399367e-01
   8.0700000000000003e+01   7.6357576038146346e-01
   8.0799999999999997e+01   7.5329845840470178e-01
   8.0900000000000006e+01   7.6718670431924552e-01
   8.1000000000000000e+01   7.7251053191981278e-01
   8.1099999999999994e+01   7.8255636313133037e-01
   8.1200000000000003e+01   7.8959307439470150e-01
   8.1299999999999997e+01   7.8750983750752568e-01
   8.1400000000000006e+01   7.9700013888245835e-01
   8.1500000000000000e+01   8.0320355539095478e-01
   8.1599999999999994e+01   8.1074950233785359e-01
   8.1700000000000003e+01   8.0866626545067233e-01
   8.1799999999999997e+01   8.1746215452988502e-01
   8.1900000000000006e+01   8.3310957826026488e-01
   8.2000000000000000e+01   8.3894264154436604e-01
   8.2099999999999994e+01   8.6014536364057204e-01
   8.2200000000000003e+01   8.4584047034859589e-01
   8.2299999999999997e+01   8.5556224248877066e-01
   8.2400000000000006e+01   8.5602518401925876e-01
   8.2500000000000000e+01   8.6949678255635865e-01
   8.2599999999999994e+01   8.7556131660570891e-01
   8.2700000000000003e+01   8.8426461737882522e-01
   8.2799999999999997e+01   8.8019073191056085e-01
   8.2900000000000006e+01   8.9417156613119564e-01
   8.3000000000000000e+01   9.1745752511457312e-01
   8.3099999999999994e+01   9.4180824961805953e-01
   8.3200000000000003e+01   9.6264061848988391e-01
   8.3299999999999997e+01   9.5713161427711857e-01
   8.3400000000000006e+01   9.5907596870515199e-01
   8.3500000000000000e+01   9.6694597472338994e-01
   8.3599999999999994e+01   9.8166751539280062e-01
   8.3700000000000003e+01   1.0000000000000000e+00
   8.3799999999999997e+01   1.0000000000000000e+00
   8.3900000000000006e+01   1.0000000000000000e+00
   8.4000000000000000e+01   1.0000000000000000e+00
   8.4099999999999994e+01   1.0000000000000000e+00
   8.4200000000000003e+01   1.0000000000000000e+00
   8.4299999999999997e+01   1.0000000000000000e+00
   8.4400000000000006e+01   1.0000000000000000e+00
   8.4500000000000000e+01   1.0000000000000000e+00
   8.4599999999999994e+01   1.0000000000000000e+00
   8.4700000000000003e+01   1.0000000000000000e+00
   8.4799999999999997e+01   1.0000000000000000e+00
   8.4900000000000006e+01   1.0000000000000000e+00
   8.5000000000000000e+01   1.0000000000000000e+00
   8.5099999999999994e+01   1.0000000000000000e+00
   8.5200000000000003e+01   1.0000000000000000e+00
   8.5299999999999997e+01   1.0000000000000000e+00
   8.5400000000000006e+01   1.0000000000000000e+00
   8.5500000000000000e+01   1.0000000000000000e+00
   8.5599999999999994e+01   1.0000000000000000e+00
   8.5700000000000003e+01   1.0000000000000000e+00
   8.5799999999999997e+01   1.0000000000000000e+00
   8.5900000000000006e+01   1.0000000000000000e+00
   8.6000000000000000e+01   1.0000000000000000e+00
   8.6099999999999994e+01   1.0000000000000000e+00
   8.6200000000000003e+01   1.0000000000000000e+00
   8.6299999999999997e+01   1.0000000000000000e+00
   8.6400000000000006e+01   1.0000000000000000e+00
   8.6500000000000000e+01   1.0000000000000000e+00
   8.6599999999999994e+01   1.0000000000000000e+00
   8.6700000000000003e+01   1.0000000000000000e+00
   8.6799999999999997e+01   1.0000000000000000e+00
   8.6900000000000006e+01   1.0000000000000000e+00
   8.7000000000000000e+01   1.0000000000000000e+00
   8.7099999999999994e+01   1.0000000000000000e+00
   8.7200000000000003e+01   1.0000000000000000e+00
   8.7299999999999997e+01   1.0000000000000000e+00
   8.7400000000000006e+01   1.0000000000000000e+00
   8.7500000000000000e+01   1.0000000000000000e+00
   8.7599999999999994e+01   1.0000000000000000e+00
   8.7700000000000003e+01   1.0000000000000000e+00
   8.7799999999999997e+01   1.0000000000000000e+00
   8.7900000000000006e+01   1.0000000000000000e+00
   8.8000000000000000e+01   1.0000000000000000e+00
   8.8099999999999994e+01   1.0000000000000000e+00
   8.8200000000000003e+01   1.0000000000000000e+00
   8.8299999999999997e+01   1.0000000000000000e+00
   8.8400000000000006e+01   1.0000000000000000e+00
   8.8500000000000000e+01   1.0000000000000000e+00
   8.8599999999999994e+01   1.0000000000000000e+00
   8.8700000000000003e+01   1.0000000000000000e+00
   8.8799999999999997e+01   1.0000000000000000e+00
   8.8900000000000006e+01   1.0000000000000000e+00
   8.9000000000000000e+01   1.0000000000000000e+00
   8.9099999999999994e+01   1.0000000000000000e+00
   8.9200000000000003e+01   1.0000000000000000e+00
   8.9299999999999997e+01   1.0000000000000000e+00
   8.9400000000000006e+01   1.0000000000000000e+00
   8.9500000000000000e+01   1.0000000000000000e+00
   8.9599999999999994e+01   1.0000000000000000e+00
   8.9700000000000003e+01   1.0000000000000000e+00
   8.9799999999999997e+01   1.0000000000000000e+00
   8.9900000000000006e+01   1.0000000000000000e+00
   9.0000000000000000e+01   1.0000000000000000e+00
