  -3.2684634203349716e-02   1.6717948092497543e+00   2.9320154757655796e+00   3.2526173470605433e+00   3.0500256686357021e+00   2.8643089488488389e+00   2.7256243390343142e+00   2.6208968640594574e+00   2.5403021168204716e+00   2.4799016218709609e+00   2.4439883307760732e+00   2.4333429531313140e+00   2.4379891596350447e+00   2.4466180827027473e+00   2.4547107475741923e+00   2.4617980665808590e+00   2.4678258840198120e+00   2.4727678678755853e+00   2.4765885591231580e+00   2.4792986789097555e+00   2.4809356934996440e+00   2.4880761697636298e+00   2.4857645852343846e+00   2.4746872239855042e+00   2.4552300080739120e+00   2.4285125074197644e+00   2.3957746674559357e+00   2.3580607190309837e+00   2.3161252590114567e+00   2.2705156016827037e+00   2.2216232325464231e+00   2.1696910355334773e+00   2.1148078018033201e+00   2.0570098314503458e+00   1.9963668959105110e+00   1.9329284357899412e+00   1.8667640708409792e+00   1.7977434582846470e+00   1.7257344651196589e+00   1.6504556141668330e+00   1.5716139925964185e+00   1.4887605289325581e+00   1.4014273165400923e+00   1.3095713788742809e+00   1.2145707558652221e+00   1.1202650433854653e+00   1.0654222706756726e+00   1.0298190557075031e+00   1.0051476174865068e+00   9.8748076415119013e-01   9.7444515061187564e-01   9.6456104250143326e-01   9.5723665535443236e-01   9.5208454494343986e-01   9.4906470460751147e-01
   3.4239382448081095e+01   3.4518807515766703e+01   3.4657136361390435e+01   3.4722992928132818e+01   3.4728415057286362e+01   3.4728099774762384e+01   3.4728985036813583e+01   3.4731072329955460e+01   3.4734014740887581e+01   3.4737862928842240e+01   3.4743115238896252e+01   3.4749849692661037e+01   3.4757316914852538e+01   3.4764730672931691e+01   3.4771766251036503e+01   3.4778330079396426e+01   3.4784393982503452e+01   3.4789929429596839e+01   3.4794901879088890e+01   3.4799279548693690e+01   3.4803019325421431e+01   3.4832826167366683e+01   3.4858267646244748e+01   3.4881466041503529e+01   3.4901230360287407e+01   3.4917378787784656e+01   3.4930153258892062e+01   3.4939991704756260e+01   3.4947370399620098e+01   3.4952713515429807e+01   3.4956377857325023e+01   3.4958661158540600e+01   3.4959810451367012e+01   3.4960022451804271e+01   3.4959454510927415e+01   3.4958235020411465e+01   3.4956470039784449e+01   3.4954241314702486e+01   3.4951627511019055e+01   3.4948686118783002e+01   3.4945459889626768e+01   3.4941976135832348e+01   3.4938255430042311e+01   3.4934331096742689e+01   3.4930290557656591e+01   3.4926301340351074e+01   3.4923986842723849e+01   3.4922488932868703e+01   3.4921454438171516e+01   3.4920716020801414e+01   3.4920172742978508e+01   3.4919761790871320e+01   3.4919457814438410e+01   3.4919244598037807e+01   3.4919120215239460e+01
   1.6258015727772183e-03   1.8210495390712158e-03   1.9571565763759672e-03   2.0547193260884314e-03   2.0814126942775451e-03   2.0897348354761802e-03   2.0925105816742883e-03   2.0930776075385113e-03   2.0930129983320290e-03   2.0930486917468054e-03   2.0936128353477527e-03   2.0948913210729722e-03   2.0964948531222074e-03   2.0978841020953417e-03   2.0989022562322946e-03   2.0996037348716013e-03   2.0999765782140850e-03   2.1000508019220696e-03   2.0998574762005930e-03   2.0994682742896133e-03   2.0988902034484720e-03   2.1102783824245705e-03   2.1192673161963163e-03   2.1265426775244614e-03   2.1317094071647827e-03   2.1349974094712473e-03   2.1368717172266013e-03   2.1378328830113820e-03   2.1382811933366862e-03   2.1385040189010698e-03   2.1386754758314793e-03   2.1388897205290164e-03   2.1391468461758397e-03   2.1393662471734663e-03   2.1394287962832612e-03   2.1391830433551864e-03   2.1384712419589744e-03   2.1370952710614245e-03   2.1348099831419967e-03   2.1313532628679834e-03   2.1264771262713899e-03   2.1198993086212724e-03   2.1113022331296534e-03   2.1003980780822970e-03   2.0871177008102500e-03   2.0719368072940939e-03   2.0627890458192956e-03   2.0565469542895513e-03   2.0519622762149537e-03   2.0484985143685982e-03   2.0457595662285019e-03   2.0434228990264701e-03   2.0414720643768735e-03   2.0399315741745578e-03   2.0392808083982876e-03
                      NaN                      NaN                      NaN                      NaN                      NaN                      NaN                      NaN                      NaN                      NaN                      NaN                      NaN                      NaN                      NaN                      NaN                      NaN                      NaN                      NaN                      NaN                      NaN                      NaN                      NaN                      NaN                      NaN                      NaN                      NaN                      NaN                      NaN                      NaN                      NaN                      NaN                      NaN                      NaN                      NaN                      NaN                      NaN                      NaN                      NaN                      NaN                      NaN                      NaN                      NaN                      NaN                      NaN                      NaN                      NaN                      NaN                      NaN                      NaN                      NaN                      NaN                      NaN                      NaN                      NaN                      NaN                      NaN
   2.1786605640060919e+00   2.2173324176266314e+00   2.2440706728730797e+00   2.2642881585548804e+00   2.2712432181339874e+00   2.2746955534453703e+00   2.2770883301594349e+00   2.2789890578705907e+00   2.2806394466080859e+00   2.2821753135390028e+00   2.2836889156756013e+00   2.2852312918433184e+00   2.2867588987848024e+00   2.2881894594094598e+00   2.2894904929224009e+00   2.2906599470631774e+00   2.2916954975501955e+00   2.2925999989401609e+00   2.2933756480530740e+00   2.2940292401398099e+00   2.2945561363225533e+00   2.3006205183762471e+00   2.3057095115968260e+00   2.3102127331711277e+00   2.3138709664298722e+00   2.3166763979638803e+00   2.3187280351618669e+00   2.3201641588639474e+00   2.3211146413335473e+00   2.3216835801503293e+00   2.3219456722404197e+00   2.3219515892872948e+00   2.3217264751674689e+00   2.3212700408042397e+00   2.3205683628119567e+00   2.3195971844499019e+00   2.3183280024372510e+00   2.3167189536061903e+00   2.3147124186346155e+00   2.3122417182974329e+00   2.3092415372894113e+00   2.3056357302888082e+00   2.3013408145216090e+00   2.2962935284823645e+00   2.2905251798538400e+00   2.2842597094867942e+00   2.2805295225885920e+00   2.2780242443736642e+00   2.2762153805899610e+00   2.2748665709971894e+00   2.2738191052082750e+00   2.2729560981962669e+00   2.2722584596949815e+00   2.2717247590906893e+00   2.2714750910274475e+00
   2.4516996130707278e-02   2.4941674524969138e-02   2.5235966170436254e-02   2.5459275046240227e-02   2.5536590713072009e-02   2.5575178833066509e-02   2.5602010092005023e-02   2.5623358334253176e-02   2.5641893019081596e-02   2.5659117754656593e-02   2.5676052309951059e-02   2.5693265655817855e-02   2.5710291718875872e-02   2.5726233940729919e-02   2.5740736849690027e-02   2.5753776511264870e-02   2.5765328177295169e-02   2.5775423639300365e-02   2.5784087404683992e-02   2.5791393772087869e-02   2.5797291305057611e-02   2.5864628895429696e-02   2.5921142570264614e-02   2.5971158052674904e-02   2.6011793908822418e-02   2.6042959563010566e-02   2.6065751469948998e-02   2.6081703195111678e-02   2.6092256373314242e-02   2.6098566907970640e-02   2.6101464560365661e-02   2.6101511859903597e-02   2.6098988358621185e-02   2.6093891555910392e-02   2.6086067480037573e-02   2.6075247696293331e-02   2.6061116467824254e-02   2.6043210780709022e-02   2.6020891844063539e-02   2.5993420870131248e-02   2.5960074488855883e-02   2.5920010423269371e-02   2.5872306505530990e-02   2.5816266549883775e-02   2.5752245184476819e-02   2.5682732869727918e-02   2.5641350242557464e-02   2.5613558833109916e-02   2.5593494527438303e-02   2.5578533411935046e-02   2.5566916015287891e-02   2.5557348848032933e-02   2.5549618475184076e-02   2.5543707310381070e-02   2.5540932910841530e-02
   2.3921807075531376e-12   2.3996880378483872e-12   2.4020778450450065e-12   2.4015989089586241e-12   2.3997831837773649e-12   2.3980427378331705e-12   2.3964109420505787e-12   2.3949296540621559e-12   2.3936566390814904e-12   2.3925981340987394e-12   2.3917449095837845e-12   2.3910686704518216e-12   2.3905061459997872e-12   2.3900073366743363e-12   2.3895584848306329e-12   2.3891651468686917e-12   2.3888169954746267e-12   2.3885069895798885e-12   2.3882268645977507e-12   2.3879798608293048e-12   2.3877682053795487e-12   2.3847157358629703e-12   2.3816654970330430e-12   2.3784429060420654e-12   2.3752312273095877e-12   2.3721279565840858e-12   2.3691796013185586e-12   2.3663985004718714e-12   2.3637778676304474e-12   2.3613122505267737e-12   2.3590029579407825e-12   2.3568629176340570e-12   2.3549103564563679e-12   2.3531679037628407e-12   2.3516723396206968e-12   2.3504710320743765e-12   2.3496243279903406e-12   2.3491923707971173e-12   2.3492520488723726e-12   2.3498886693922137e-12   2.3512008016634872e-12   2.3532949060350503e-12   2.3562821524728796e-12   2.3602576856276300e-12   2.3652294665284036e-12   2.3709812284763622e-12   2.3744382232387801e-12   2.3768087933153596e-12   2.3785887623627914e-12   2.3800231445757587e-12   2.3812425778489558e-12   2.3822991826872782e-12   2.3832138483564120e-12   2.3839825043509518e-12   2.3846347422166824e-12
   2.3344168226588016e+00   2.3526194941938621e+00   2.3647467377123492e+00   2.3742337085257441e+00   2.3780836754506200e+00   2.3804795171766311e+00   2.3824658462705095e+00   2.3842248103848158e+00   2.3858062350991238e+00   2.3872619779725723e+00   2.3886478427406996e+00   2.3900003228633921e+00   2.3913129951751384e+00   2.3925564000448190e+00   2.3937135495409891e+00   2.3947757061435917e+00   2.3957444723428352e+00   2.3966212543204515e+00   2.3974071240573402e+00   2.3981008255671159e+00   2.3986979565301851e+00   2.4032632810371934e+00   2.4071894386327881e+00   2.4107641924966861e+00   2.4137705404808272e+00   2.4161711315321446e+00   2.4180118780233557e+00   2.4193752723400279e+00   2.4203475006432305e+00   2.4210003888315614e+00   2.4213873563454507e+00   2.4215436675867603e+00   2.4214888628110809e+00   2.4212237169644548e+00   2.4207383260933613e+00   2.4200166421830422e+00   2.4190387485830964e+00   2.4177791326183269e+00   2.4161966509861923e+00   2.4142452568210917e+00   2.4118805849591145e+00   2.4090553510621255e+00   2.4057229848510091e+00   2.4018584195845749e+00   2.3975133729742915e+00   2.3928758451747254e+00   2.3901198302994007e+00   2.3882738793664542e+00   2.3869444750461746e+00   2.3859509225431403e+00   2.3851814199876524e+00   2.3845624216508883e+00   2.3840740306298578e+00   2.3837097200243904e+00   2.3835035028463603e+00
   3.6270754725369370e-01   2.6734519764617143e-01   2.1529164051241706e-01   1.8853491264709293e-01   1.8572485688458404e-01   1.8623627079015573e-01   1.8695356697181315e-01   1.8752268871928920e-01   1.8784782710124284e-01   1.8784010243143598e-01   1.8731800115798977e-01   1.8624032641907351e-01   1.8487778444303435e-01   1.8353306742181796e-01   1.8231651170693144e-01   1.8123528825179583e-01   1.8029547772593846e-01   1.7949596724810515e-01   1.7883658350000742e-01   1.7830863759939009e-01   1.7791557023469912e-01   1.7235561938571442e-01   1.6792700058992030e-01   1.6425921011804953e-01   1.6155815068626794e-01   1.5978873087057138e-01   1.5882231216219975e-01   1.5850408384917269e-01   1.5869772816857647e-01   1.5929596685708472e-01   1.6022175580828801e-01   1.6142136758789952e-01   1.6286774657883302e-01   1.6455618811827044e-01   1.6649246665890410e-01   1.6869251311287614e-01   1.7117520054791596e-01   1.7397754394023524e-01   1.7714643386247761e-01   1.8074074124921757e-01   1.8481926212118321e-01   1.8945620686047152e-01   1.9473584758551629e-01   2.0072095310258842e-01   2.0737195041223588e-01   2.1443866368259970e-01   2.1861861250205877e-01   2.2140040179904111e-01   2.2338687720210754e-01   2.2484978102140024e-01   2.2597121032136189e-01   2.2688425911154753e-01   2.2761411829466427e-01   2.2816779379889704e-01   2.2842100534679499e-01
  -1.9939207588448802e-04  -9.5278252909728890e-05  -4.7272870601705281e-05  -2.9088778793560487e-05  -3.1340052466726372e-05  -3.4373146937440071e-05  -3.6360377460893627e-05  -3.7552297843499737e-05  -3.8184581273054842e-05  -3.8293195130213190e-05  -3.7698373539623973e-05  -3.6394980049908670e-05  -3.4722498293324372e-05  -3.3014799543086577e-05  -3.1400683121439059e-05  -2.9909032067958218e-05  -2.8549873267687126e-05  -2.7333687965122998e-05  -2.6272941500840498e-05  -2.5376053256037244e-05  -2.4650691695082043e-05  -1.9200408665324697e-05  -1.5081051866190430e-05  -1.1892091436895538e-05  -9.8102080180381239e-06  -8.8063107674144063e-06  -8.7762740701564185e-06  -9.5940278825170807e-06  -1.1141585707796805e-05  -1.3318739223227993e-05  -1.6042881885880338e-05  -1.9248056978381959e-05  -2.2885050960599353e-05  -2.6915428678003450e-05  -3.1304216056735854e-05  -3.6022345979120524e-05  -4.1043050019739903e-05  -4.6358200499468189e-05  -5.1958625935703279e-05  -5.7850134635100950e-05  -6.4042747968484886e-05  -7.0560800616637618e-05  -7.7431356647978590e-05  -8.4649320217863112e-05  -9.2099902603834949e-05  -9.9482341238819015e-05  -1.0377222463517264e-04  -1.0655442625809075e-04  -1.0848030108565647e-04  -1.0985793572733144e-04  -1.1087343207054032e-04  -1.1164275179950839e-04  -1.1221242854164723e-04  -1.1261284128799710e-04  -1.1284742006612374e-04
